3 0 0 0 0.9990740734375001 0.7533333328125 0.9990740734375001 0.7483333328125 0.9951361109375 0.7375 0.9714259265624999 0.7433333328125 0.94030648125 0.7533333328125 0.903259259375 0.7558333328125 0.8854768515625 0.7575000000000001 0.8425018515625 0.7575000000000001 0.8276833328125001 0.7641666671875 0.79508148125 0.7683333328125 0.7461796296875 0.7625 0.70616851875 0.7625 0.6602296296875 0.765 0.6380009265625 0.7791666671875 0.5994722218749999 0.7841666671875 0.5668703703125 0.7991666671875 0.5431601859375 0.8125 0.5283416671875 0.82 0.513522221875 0.8324999999999999 0.47499351875 0.8324999999999999 0.4512833328125 0.8141666671875001 0.411272221875 0.8 0.3475509265625 0.7941666671875 0.3193953703125 0.7875 0.2764203703125 0.78 0.2467824078125 0.7825 0.23048148125 0.7941666671875 0.17565185156250002 0.7816666671875 0.1326768515625 0.7675 0.1074851859375 0.7491666671874999 0.0763648140625 0.7491666671874999 0.0541370375 0.7633333328125 0.0319083328125 0.7520833328125 0 0 0
3 0.8566666671875 0.1667601859375 0.8574999999999999 0.18750648125 0.8925000000000001 0.1534231484375 0.9183333328125001 0.16231481406249998 0.9291666671875 0.1667601859375 0.95 0.1519416671875 0.9533333328125 0.1178583328125 0.9741666671875 0.0941481484375 0.9933333328125 0.083775 0.9941666671875 0.0541370375 0.9891666671875001 0.012643518749999999 0.9891666671875001 0.0022703703124999997 0.9724999999999999 0.0037527781250000004 0.9375 0.0037527781250000004 0.9016666671875001 0.0022703703124999997 0.8825 0.0037527781250000004 0.8633333328124999 0.048209259375 0.8541666671874999 0.09118425937499999 0.8516666671875001 0.14305 0.8566666671875 0.1667601859375
3 0.86 0.40682685156250004 0.8583333328125 0.4438740734375 0.8483333328124999 0.48092129687499996 0.8525 0.49129444375000003 0.8783333328125 0.5164861109375 0.8866666671875001 0.526859259375 0.9033333328125 0.525377778125 0.915 0.5016675921875 0.9175000000000001 0.4779574078125 0.9099999999999999 0.4438740734375 0.9258333328124999 0.45572870312499997 0.9366666671875 0.48388518593749996 0.9458333328125 0.53130555625 0.9574999999999999 0.5490879625 0.9616666671875 0.497221296875 0.9658333328125 0.467584259375 0.9791666671874999 0.45276481406249997 0.9994791671875 0.4498009265625 0.9994791671875 0.41719999999999996 0.9925 0.3845981484375 0.9775 0.3712611109375 0.9583333328125001 0.3549601859375 0.945 0.3134675921875 0.9433333328125 0.30013055624999996 0.9316666671875 0.27790185156249997 0.9266666671875001 0.2630833328125 0.9216666671875 0.22603611093749998 0.9208333328125 0.2156629625 0.9125 0.2040740734375 0.8675 0.221590740625 0.8366666671875 0.288275 0.8483333328124999 0.34606944375 0.86 0.40682685156250004
3 0.9625 0.309022221875 0.9841666671875 0.325322221875 0.9994791671875 0.3268046296875 0.9994791671875 0.20084351875 0.9916666671875 0.2052898140625 0.9775 0.22010833281250003 0.9666666671874999 0.24381851875 0.9650000000000001 0.2690111109375 0.9625 0.309022221875
3 0.915 0.6750481484375 0.915 0.6898675921875 0.9216666671875 0.70616851875 0.915 0.7313601859375 0.9108333328124999 0.744697221875 0.9083333328125001 0.7654435187499999 0.9066666671875 0.8039731484375 0.9125 0.8262009265625 0.9400000000000001 0.8350925921875 0.9425000000000001 0.8069370375 0.9416666671874999 0.7772990734375 0.9625 0.8099000000000001 0.9666666671874999 0.8306472218750001 0.9824999999999999 0.832128703125 0.9994791671875 0.8306472218750001 0.9994791671875 0.815827778125 0.9994791671875 0.758034259375 0.9994791671875 0.7046861109375 0.9994791671875 0.6320740734375 0.9994791671875 0.59058055625 0.9800000000000001 0.583171296875 0.9741666671875 0.5742796296875 0.9716666671875 0.5579796296875 0.9533333328125 0.59058055625 0.9433333328125 0.62021851875 0.9275 0.6365194437499999 0.915 0.6750481484375
3 0.8949999999999999 0.6068814812500001 0.9016666671875001 0.600953703125 0.9016666671875001 0.5861351859374999 0.8833333328125 0.568352778125 0.8666666671875 0.5757620375 0.8691666671875 0.5965083328125 0.8808333328125 0.6083638890625 0.8949999999999999 0.6068814812500001
3 0.8533333328125 0.658747221875 0.8433333328125 0.6735666671875 0.845 0.6913490734375001 0.8525 0.6972768515625 0.8533333328125 0.658747221875
3 0.8683333328125 0.78174444375 0.8541666671874999 0.752222221875 0.8474999999999999 0.7743351859375001 0.8525 0.7832268515624999 0.8633333328124999 0.7861898140625 0.8683333328125 0.78174444375
3 0.8341666671875 0.934378703125 0.8366666671875 0.9195601859375 0.8316666671874999 0.9002953703125 0.8308333328125 0.9002953703125 0.8233333328124999 0.8928861109374999 0.8133333328125 0.901777778125 0.8125 0.9195601859375 0.8241666671875001 0.9388249999999999 0.8341666671875 0.934378703125
3 0.9994791671875 0.9990740734375001 0.9989583328125 0.9596296296875 0.9724999999999999 0.9610527781249999 0.9574999999999999 0.9936546296875 0.9658333328125 0.9990740734375001 0.9994791671875 0.9990740734375001
2 0.7566666671875 0.052654629687499996 0.7533333328125 0.07191944375 0.76 0.0867388890625 0.7808333328125 0.1074851859375 0.7891666671875 0.14156851875 0.7916666671875 0.1608333328125 0.7991666671875 0.19788055625 0.7966666671875 0.236409259375 0.7941666671875 0.249746296875 0.795 0.2853120375 0.8008333328124999 0.309022221875 0.8099999999999999 0.3845981484375 0.8275 0.4364638890625 0.8383333328125 0.48092129687499996 0.8408333328125 0.512040740625 0.8125 0.53426851875 0.7966666671875 0.562425 0.7916666671875 0.5727981484375 0.7849999999999999 0.5876166671874999 0.775 0.6291101859375 0.7758333328125 0.6483740734375 0.7708333328125 0.6809759265625 0.7658333328125 0.7343240734375 0.7675 0.7936 0.7641666671875 0.8558388890625 0.755 0.916596296875 0.755 0.9314157406250001 0.7491666671874999 0.9610527781249999 0.7491666671874999 0.9803175921875 0.7625 0.9990740734375001 0.7858333328125 0.9990740734375001 0.865 0.9990740734375001 0.9241666671875001 0.9990740734375001 0.9408333328125 0.9990740734375001 0.9541666671875 0.9990740734375001 0.9683333328125 0.96698055625 0.9966666671875 0.9580888890624999 0.9994791671875 0.9417888890624999 0.9994791671875 0.8484296296875 0.9994791671875 0.832128703125 0.9675 0.83805648125 0.9525 0.7980453703125 0.945 0.78174444375 0.9433333328125 0.83805648125 0.9391666671875001 0.8499111109375 0.9141666671875001 0.8350925921875 0.905 0.8262009265625 0.9033333328125 0.8173101859375 0.9116666671875 0.758034259375 0.9216666671875 0.7180231484374999 0.9141666671875001 0.6898675921875 0.9133333328125 0.6602296296875 0.9241666671875001 0.642447221875 0.9375 0.62021851875 0.95 0.5965083328125 0.9675 0.5668703703125 0.97 0.5594611109375001 0.9883333328124999 0.5816898140625 0.9958333328125001 0.5861351859374999 0.9994791671875 0.555015740625 0.9994791671875 0.48833055625000005 0.9994791671875 0.45276481406249997 0.9800000000000001 0.45276481406249997 0.9658333328125 0.4853666671875 0.96 0.5372324078124999 0.96 0.5461240734375 0.9425000000000001 0.512040740625 0.9324999999999999 0.4779574078125 0.9133333328125 0.45276481406249997 0.9166666671874999 0.497221296875 0.9108333328124999 0.5238953703125 0.8941666671874999 0.5283416671875 0.8758333328125 0.525377778125 0.8616666671875001 0.5001851859374999 0.8708333328125001 0.568352778125 0.8933333328125 0.568352778125 0.9058333328125 0.5802074078125 0.9066666671875 0.6039175921875 0.8833333328125 0.6083638890625 0.8633333328124999 0.6024361109374999 0.8591666671875 0.59354444375 0.8474999999999999 0.6513379625 0.8541666671874999 0.6720842593749999 0.8641666671875001 0.6913490734375001 0.8616666671875001 0.7106138890625 0.8558333328125001 0.7106138890625 0.8525 0.7387694437500001 0.8525 0.743215740625 0.8574999999999999 0.7535888890625 0.8658333328125 0.7609981484375 0.8699999999999999 0.7772990734375 0.8699999999999999 0.7906361109375 0.8576931359375 0.792094703125 0.8583333328125 0.789153703125 0.8508333328125 0.7772990734375 0.8474999999999999 0.715059259375 0.8458333328125001 0.6750481484375 0.8474999999999999 0.6187370375000001 0.8625 0.562425 0.8633333328124999 0.5150046296874999 0.8516666671875001 0.4927759265625 0.8483333328124999 0.47202962968750006 0.8616666671875001 0.4423916671875 0.8566666671875 0.3934898140625 0.8383333328125 0.2971666671875 0.8341666671875 0.2764203703125 0.8658333328125 0.223072221875 0.9183333328125001 0.20084351875 0.9241666671875001 0.221590740625 0.9316666671875 0.2764203703125 0.9425000000000001 0.3060583328125 0.9558333328125 0.34606944375 0.9691666671875 0.353478703125 0.9916666671875 0.3697796296875 0.9994791671875 0.3994166671875 0.9994791671875 0.3653333328125 0.9994791671875 0.322359259375 0.9616666671875 0.3045759265625 0.9574999999999999 0.25863796250000004 0.9691666671875 0.229 0.9808333328125001 0.2126990734375 0.9994791671875 0.1963981484375 0.9994791671875 0.17861574062500002 0.9994791671875 0.1074851859375 0.9994791671875 0.08822037031249999 0.9994791671875 0.005234259375 0.9908333328125 0 0.9958333328125001 0.0571009265625 0.9983333328124999 0.1000759265625 0.9758333328125 0.1030388890625 0.9591666671875 0.1297129625 0.9533333328125 0.150459259375 0.9475 0.1608333328125 0.925 0.1697240734375 0.9091666671875 0.1697240734375 0.8916666671875 0.1697240734375 0.8816666671875 0.16824259218749998 0.8708333328125001 0.17713333281250002 0.8675 0.1830611109375 0.8558333328125001 0.1904703703125 0.8508333328125 0.1386046296875 0.8525 0.09118425937499999 0.8691666671875 0.0363546296875 0.8816666671875 0.0081981484375 0.75 0 0.7616666671875 0.023017592187499998 0.765 0.033390740625 0.7566666671875 0.052654629687499996