2 0.4583059734375 1 0.47442484843750005 0.9901212296875 0.46449546093749994 0.943483275 0.47496755312500005 0.9155616125 0.48248075625000003 0.9073218703125001 0.49014881718750003 0.9005554953124999 0.505794846875 0.8899713171875 0.5320599109375 0.8767804625 0.556094190625 0.8742543578124999 0.6047201640625001 0.9063948500000001 0.6334093249999999 0.9242400703125 0.6469251390624999 0.9332497875 0.664182234375 0.906104634375 0.666931975 0.8924051234375 0.6692713390625 0.866828815625 0.6298161046875 0.82627436875 0.6187323078125 0.8244591078125 0.60521649375 0.815449390625 0.6025831515625 0.7903948062499999 0.5950779578125001 0.7747938484375 0.5916145984375001 0.7713921265625 0.6039851671875 0.7798171609375 0.6215985421875 0.772006421875 0.6325194703125 0.7961890171875 0.631891934375 0.8141353312499999 0.6455084109375 0.8320751124999999 0.66295891875 0.84663170625 0.6774583578125 0.8570276828125 0.679898384375 0.840381440625 0.6865827234374999 0.8322278843750001 0.710562809375 0.8371584796875 0.6134815484375 0.72666761875 0.596867725 0.6881823 0.573004134375 0.64449853125 0.391735759375 0.745504184375 0.1847833875 0.8253676171875 0.12224695625 0.7246564515625 0.11368112500000001 0.6272133921874999 0.19792262656249998 0.408262021875 0.22907546406249998 0.3379352203125 0.2895834625 0.3077347875 0.24998526562499998 0.1462354921875 0.253730484375 0.1818688625 0.24532630625000001 0.22149310781249998 0.23905234531250003 0.2415234578125 0.12096357656250001 0.3776088828125 0.06730288437500001 0.37728934999999997 0.0117754125 0.3831255234375 0 0.3810480734375 0 0.40986590468750006 0.00560201875 0.41208501562500005 0.01709619375 0.4257770734375 0.0177079 0.455513996875 0.0003037671875 0.45734324531250004 0 0.45794647812499994 0 0.5182315859375 0.0506359 1 0.2795924265625 1 0.28314225312499997 0.9878756265625 0.294288159375 0.9583925687500001 0.2879836546875 0.9143538375 0.29777401718749996 0.9118351875 0.3096322953125 0.9210191203125 0.31506165625000004 0.9487591140625 0.318988434375 0.9781476109374999 0.307385678125 0.9793671093749999 0.29656531875000003 0.9641136593749999 0.2880393953125 1 0.3498748640625 1 0.356073859375 0.98021020625 0.356182340625 0.9652977296874999 0.351062790625 0.9405053859375 0.34899477968750003 0.9288018843750001 0.351489 0.9046989421875 0.3552224625 0.8923866109375 0.3750586109375 0.8977518203124999 0.38126254843749996 0.93286140625 0.3762277328125 0.964681446875 0.3777224 0.9868745656250001 0.3785305015625 1 0.4583059734375 1
3 0.202209746875 0.397231246875 0.2025287859375 0.41023208125000005 0.2080222546875 0.4375854796875 0.2228447375 0.44906194062499993 0.23106968593750002 0.4426113046875 0.24076253125 0.40528252499999995 0.2350414375 0.3807461296875 0.2266282890625 0.3704580734375 0.21743548437500002 0.36770017187500004 0.20509537500000002 0.3848246140625 0.202209746875 0.397231246875
3 0.25055398906250004 0.45359779062500005 0.241190925 0.47413343750000003 0.2419311578125 0.4861589765625 0.247720353125 0.5013779515625 0.258951028125 0.5085767953125 0.26497321875 0.5060817859375 0.263390596875 0.4960068390625 0.2668963625 0.469569634375 0.264374565625 0.4605244234375 0.2580620171875 0.46025687499999995 0.2536618703125 0.4532711390625 0.25055398906250004 0.45359779062500005
3 0.3227826828125 0.527936553125 0.3133228328125 0.547551346875 0.306515615625 0.57247349375 0.30738668593749996 0.580761178125 0.315247803125 0.5957623859375001 0.33522140624999996 0.596456153125 0.343514459375 0.5806880999999999 0.342546603125 0.5714795640625 0.3454949640625 0.5646524953125 0.3431093765625 0.5369724453125 0.339876028125 0.5261399703125 0.33369431875 0.5221345625 0.3227826828125 0.527936553125
3 0.12197492968750001 0.7101098265625 0.12281194843750001 0.7230562203125 0.129574371875 0.7325867484375 0.1488364234375 0.7314932515625 0.157192209375 0.7213047609375 0.1561329390625 0.6962783890625001 0.1517668453125 0.6846339421875001 0.1395342625 0.672885271875 0.134160890625 0.671587984375 0.12479782343750001 0.69212363125 0.12197492968750001 0.7101098265625
3 0 0.45851847343749996 0.01005705 0.45746143437500003 0.013620178124999998 0.45150077812499995 0.015891040625 0.43822773281250005 0.014245684375000001 0.422573221875 0.001335603125 0.4043785765625 0 0.404826209375 0 0.45851847343749996
3 0.09011097968750001 0.466736925 0.0939931453125 0.4737771015625 0.10124486875000001 0.47301491562500003 0.10710753906249999 0.46401948906249996 0.10446027656250001 0.4438151515625 0.100156915625 0.43775026875 0.094459134375 0.43834913125 0.0904748125 0.4452850828125 0.08937074843750001 0.4547113859375 0.09011097968750001 0.466736925
3 0.06584133125 0.7988710375 0.08309956406249999 0.7886778875 0.08621281562500001 0.7734542531249999 0.07900588750000001 0.7397637625 0.0667392546875 0.7326738015625 0.0573475078125 0.7429711765625 0.05520211093750001 0.767403346875 0.056005078124999996 0.7850084500000001 0.06584133125 0.7988710375
3 0.0635954921875 0.6529359734375 0.0593494953125 0.6673476390624999 0.0608980640625 0.6820812968750001 0.0779860390625 0.695181696875 0.0855962234375 0.6878646515625 0.09081544687500001 0.6677645375 0.085897321875 0.6608332453125 0.0768747765625 0.6347817921875001 0.071017475 0.6288802359375001 0.06739161406250001 0.6292613296875 0.0636008640625 0.6380389906249999 0.0635954921875 0.6529359734375
3 0.11565518281250001 0.64001606875 0.11222289375000001 0.6422388703124999 0.11209205468750001 0.6459767265624999 0.120732828125 0.6534477796875 0.1293449203125 0.6506805609375 0.1302213609375 0.644071259375 0.137216778125 0.6358878015625 0.13819000625 0.63019935625 0.13249759375 0.6159012328125 0.12825696875 0.6154159156250001 0.124306696875 0.6176931578125 0.11565518281250001 0.64001606875
3 0.26616138437500003 0.17358055781249998 0.2759976359375 0.18744314374999999 0.2806594578125 0.1869531671875 0.28927692031249996 0.1692889640625 0.2896353828125 0.1627341046875 0.287210371875 0.1546097484375 0.276400890625 0.1464356078125 0.2722570515625 0.14687114375000002 0.2660699703125 0.1577627203125 0.26616138437500003 0.17358055781249998
3 0.3800937078125 0.13646808125 0.39178499843750003 0.12313593593750001 0.3928550109375 0.1183683421875 0.388426184375 0.10114433437499999 0.379722678125 0.088093715625 0.37473644687499996 0.0904798421875 0.3691928140625 0.1124761046875 0.3744927109375 0.1379877953125 0.3800937078125 0.13646808125
3 0.40337767500000005 0.024159746875 0.40386697343750005 0.01386703125 0.401635534375 0.0075843828125 0.3850601703125 0.009326523437500001 0.38437730000000003 0.01777753125 0.388060525 0.037872984375 0.3971905953125 0.0350513234375 0.40337767500000005 0.024159746875
3 0.5080240640625 0.152814896875 0.5044949890625 0.1541168421875 0.4987918359375 0.1696126875 0.4914092765625 0.17411273124999999 0.49043605 0.17980117812500002 0.4901062703125 0.196594309375 0.4925653328125 0.20005995781250002 0.4949562921875 0.2128430234375 0.50421183125 0.22118048906249999 0.5147990578125 0.21727464843750002 0.51716670625 0.20492245781250001 0.51675088125 0.1910007703125 0.5156575578125 0.17063310625 0.5128454046875001 0.15882533593749998 0.5080240640625 0.152814896875
3 0.4824816890625 0.06425894062500001 0.49131603437500004 0.073571703125 0.502973271875 0.0648982671875 0.5020394671874999 0.051031021875000006 0.49459954687499996 0.03505451875 0.48899855 0.0365742328125 0.481257528125 0.0476291359375 0.4804778734375 0.055159290625 0.4824816890625 0.06425894062500001
3 0.5059108921875 0.08786516562499999 0.5023137125 0.098484534375 0.503213465625 0.1170104890625 0.5136644828125 0.1317394890625 0.5235061062499999 0.13070509218749998 0.53199273125 0.11677874531250002 0.533290365625 0.1091941484375 0.5276033265625 0.07999904375 0.5252410484375 0.07745425 0.5194464812499999 0.07713225625 0.5100547343749999 0.08742963125 0.5059108921875 0.08786516562499999
3 0.5624478609375 0.2271629765625 0.5485591828125 0.22955376093750002 0.5414275578125001 0.25637205937499996 0.5396119406250001 0.264011096875 0.5409669390625 0.2769030484375 0.5501256921875 0.28431965937500003 0.5584474265625 0.2787898796875 0.569290959375 0.282305309375 0.57774353125 0.273037671875 0.580111178125 0.26068548125 0.5761375984375 0.23782746718749997 0.5684359999999999 0.2293266765625 0.5624478609375 0.2271629765625
3 0.6432742484375 0.15908210625000002 0.647133103125 0.140987025 0.6444517875 0.1254413984375 0.6364598328125 0.114178046875 0.6331296984375 0.10242471718749999 0.620766278125 0.094413903125 0.610600246875 0.0973444484375 0.60230719375 0.11311250312500001 0.59945561875 0.1208604234375 0.601197759375 0.1374357890625 0.607892078125 0.1562837375 0.6073346749999999 0.17589387343750001 0.61005004375 0.186780790625 0.6197554578125 0.204381234375 0.63558521875 0.2055105375 0.6362680890625 0.1970595296875 0.6427455265625001 0.1889305140625 0.6432742484375 0.15908210625000002
3 0.728291096875 0.1408362125 0.724995015625 0.12442417343750001 0.7124720765625 0.1099129421875 0.7083282359374999 0.11034847656249999 0.7028293953125 0.0978920625 0.690500028125 0.0852225375 0.6884281078125001 0.08544030625 0.6835673453125 0.098985559375 0.664169084375 0.11871389531250001 0.6618014375 0.1310660859375 0.6617279625 0.1552804890625 0.6770630546875 0.181599490625 0.6821406984375 0.1950312015625 0.6918174328125 0.202393371875 0.7028885875 0.2030918 0.71179640625 0.18819015781249998 0.7165550140625 0.1886210328125 0.7207615875 0.1937650625 0.72734118125 0.171659915625 0.728291096875 0.1408362125
3 0.6201335718750001 0.0535152515625 0.6154269578125 0.0884579046875 0.6165256515624999 0.093928584375 0.6365279359375 0.10486062656249999 0.64248739375 0.09678605312500001 0.651099484375 0.0940188328125 0.6546626125 0.088058175 0.6543435750000001 0.0750573421875 0.6490149953125 0.0393073765625 0.6362303796875 0.0322718578125 0.6226607390625001 0.0476634765625 0.6201335718750001 0.0535152515625
3 0.658573459375 0.10533662656250001 0.66219395 0.11985251718750001 0.67919588125 0.102238096875 0.6894981203125 0.0806727125 0.69372080625 0.041125790625000005 0.6829453796875 0.028292940625000002 0.6732005437499999 0.030248190624999997 0.6655509359375 0.057120928125000005 0.6559942999999999 0.07581486875 0.658573459375 0.10533662656250001
3 0.736275196875 0 0.7356346265625 0.004755546875000001 0.7315727812499999 0.017595835937500002 0.7330872984375 0.0369882046875 0.7364174328125 0.048741534375 0.756186721875 0.07738756249999999 0.7615600953125 0.07868485 0.7677758578125 0.078031546875 0.7728929250000001 0.071907565625 0.77400773125 0.03268729375 0.7778952671875 0.0248304875 0.7863137874999999 0.0202215609375 0.7793864734375 0.0190876 0.7756978796875 0.013889128125 0.7747300234375001 0.004680592187500001 0.7725316359375001 0 0.736275196875 0
3 0.4171267171875 0.40909053125000006 0.4185785015625 0.42290333437500005 0.433429665625 0.44461806875 0.44110258281250003 0.44288058750000003 0.4501071875 0.42889979843750003 0.452053640625 0.41752290312499996 0.451085784375 0.40831436718749997 0.4380502375 0.37896059531250004 0.430280534375 0.3797772234375 0.42267035000000003 0.3870942703125 0.4171267171875 0.40909053125000006
3 0.3886198703125 0.3720525953125 0.392023478125 0.3595915203125 0.3880445265625 0.35163049062499996 0.38422509374999997 0.3501698765625 0.37234023125000004 0.3616603140625 0.373501659375 0.3727105578125 0.37709346718750003 0.3769881734375 0.3886198703125 0.3720525953125
3 0.28242868125 0.6671767265625 0.28598643749999997 0.676113053125 0.3013269 0.687535071875 0.3084531546875 0.6756137578125 0.31344475781250003 0.658330646875 0.308014021875 0.6365568125000001 0.298109665625 0.6320116453125 0.29199068906250003 0.6335858015625 0.28197880625 0.6579137484375 0.28242868125 0.6671767265625
3 0.4316786125 0.5425598625 0.4267210640625 0.5551842609375 0.4254861609375 0.5683484234375 0.42722830156249997 0.5849237875 0.44269423124999996 0.607504934375 0.44589889843749997 0.608099134375 0.453184671875 0.6026782390625 0.4597302140625 0.585231803125 0.46157988281250006 0.5729340546875 0.45744141093749996 0.55847260625 0.4568947484375 0.548288775 0.451555428125 0.542332778125 0.4316786125 0.5425598625
3 0.2888668109375 0.947669959375 0.2908025234375 0.9660870312500001 0.3056250046875 0.9775634921874999 0.31106648125 0.969543359375 0.3128587875 0.9367690640624999 0.30367135156249997 0.9191141796875 0.298525603125 0.9149998890625 0.29292460625 0.916519603125 0.28907112343749997 0.9197176984375 0.2909441015625 0.9325552078125 0.2888668109375 0.947669959375
3 0.40203913125 0.7737765125 0.3961083546875 0.792089359375 0.3974920359375 0.8152195843750001 0.4021484875 0.8296265890625 0.41357273125000005 0.8386671421875 0.427689034375 0.8334593531250001 0.4374105609375 0.806368846875 0.43508770625000004 0.7842683609375001 0.4301068453125 0.771757503125 0.4242495453125 0.765855946875 0.4066382203125 0.767706971875 0.40203913125 0.7737765125
3 0.4592553125 0.7351769328125 0.44976678124999997 0.744553453125 0.44590792500000004 0.762648534375 0.44580576875 0.7766246625 0.44975066874999997 0.7892444046875 0.4576458375 0.799586903125 0.46910413437500004 0.8039687437499999 0.48131340624999996 0.7905821578125 0.4821271140625 0.7783932921875001 0.48880349375 0.7572090015625 0.48854718750000004 0.7497877296875 0.47942248750000005 0.737712409375 0.4592553125 0.7351769328125
3 0.55804074375 0.6884841453125 0.5525365343749999 0.6909247125 0.5461505125 0.714871565625 0.546691803125 0.73995238125 0.556203646875 0.7557111171875001 0.5601198640625 0.758092584375 0.5639733484375 0.7548944890625 0.5653677703125 0.7482307453125 0.5773494171875 0.7376611609375 0.5802350453125 0.7252545296874999 0.5781057625 0.7049957499999999 0.570825359375 0.6955196625 0.55804074375 0.6884841453125
3 0.6022859390625 0.710833546875 0.620085465625 0.7257212125 0.630774846875 0.7078392421874999 0.6321065359375 0.695595934375 0.6294539015625 0.69028858125 0.610100434375 0.675564240625 0.606150165625 0.6778414828125 0.604818478125 0.690084790625 0.6006065328125 0.6998377453125 0.6022859390625 0.710833546875
3 0.611634721875 0.8197120390625001 0.6211859875 0.8159150828125 0.6296726109375 0.8019887359375 0.6280326265625 0.771437240625 0.6240196234375001 0.7681349203125001 0.6152139609375 0.7690604328124999 0.6029706375 0.7871057296874999 0.6076217171875 0.8164097187499999 0.611634721875 0.8197120390625001
3 0.34964611875 0.9031097234375001 0.346920009375 0.922016771875 0.348303690625 0.9451469953125 0.352800621875 0.9530535859375 0.3599215046875 0.9560292546875001 0.3693759875 0.9513114453125 0.37316673749999996 0.942533784375 0.3754716515625 0.9246020312500001 0.3697846125 0.895406925 0.3645420765625 0.8903717796875 0.357808334375 0.891079525 0.34964611875 0.9031097234375001
3 0.37362914375 1 0.37428337031250003 0.9880367046874999 0.3719264640625 0.9705949281249999 0.366393571875 0.9627972234375 0.360986146875 0.96615864375 0.3554138328125 0.9779166328125 0.35323975625 0.9921105296875 0.3537710234375 1 0.37362914375 1
3 0.6936528156249999 0.319509765625 0.687186121875 0.29784481406249996 0.6727794609375 0.30029004062500003 0.6636153390625 0.3077704125 0.6556753750000001 0.331880590625 0.6555104859374999 0.3402771578125 0.6611688453125 0.3592339890625 0.667606859375 0.3706606671875 0.6735949984375 0.3728243671875 0.68120518125 0.365507321875 0.68522355625 0.3539126578125 0.69040335625 0.35336823906250003 0.6925093296875 0.3484917609375 0.695007815625 0.332401715625 0.6936528156249999 0.319509765625
3 0.7259611578125 0.3179760734375 0.7191360015625 0.30286598124999997 0.7161302765625 0.28921650312499997 0.717524696875 0.2825527609375 0.70156946875 0.27026432968749997 0.693247734375 0.275794109375 0.6937262921875 0.2952953625 0.6902599484375 0.30217687187500003 0.6934879281249999 0.32790633125 0.6992771234374999 0.34312530625000004 0.720150478125 0.36234503125 0.7297985312499999 0.359468928125 0.735888825 0.3476564984375 0.7347955015625 0.3272888359375 0.731949296875 0.3201397734375 0.7259611578125 0.3179760734375
3 0.7279057828125 0.22187598749999998 0.7279004125 0.23677297187500002 0.7331035234375001 0.2613638109375 0.7486716109375 0.26996882499999997 0.7582228765625 0.26617186875 0.7612447140625 0.23513039687499998 0.7535825375 0.20707391249999998 0.7499907296874999 0.20279629687499998 0.7412818515625 0.2046426609375 0.7306605734375 0.21320721250000002 0.7279057828125 0.22187598749999998
3 0.8000735703125 0.375358378125 0.8006202328124999 0.385542209375 0.8057946625 0.39989477500000004 0.8100980234374999 0.40595965625 0.8205544109374999 0.40579167031249996 0.8299121078124999 0.40015300781249996 0.8360758765625 0.3641261734375 0.8195739859375 0.3416539125 0.8148153796875001 0.34122303593750003 0.8030273031249999 0.3536343265625 0.8000735703125 0.375358378125
3 0.7995483921875 0.3055866125 0.8019680328125001 0.328607953125 0.814655859375 0.33472261875 0.8283276562499999 0.30535486875 0.8297561312499999 0.294032415625 0.8279172046875001 0.2765361984375 0.8172726140625001 0.259965490625 0.8091157687500001 0.25709870625 0.8017278390625 0.2764957328125 0.8016543640625 0.300710134375 0.7995483921875 0.3055866125
3 0.7632718406250001 0.26936530625 0.7618433671875 0.280687759375 0.762777171875 0.2945550046875 0.76708053125 0.3006198875 0.7859213875 0.3005016859375 0.7972255374999999 0.2834861265625 0.7966448234375 0.27796100625000003 0.8025755984374999 0.2596481578125 0.79905189375 0.24605312031249998 0.7895059984375 0.2349530953125 0.777137209375 0.2418392640625 0.7632718406250001 0.26936530625
3 0.83575318125 0.181678959375 0.8389291671875 0.1720348875 0.840647996875 0.1634749953125 0.8385473953125 0.1534544890625 0.839520621875 0.1477660421875 0.8542911125 0.12386897187499998 0.8564311375000001 0.114333784375 0.85206504375 0.1026893390625 0.8495486171875 0.0787471453125 0.8442433484375 0.0681324375 0.8373500875 0.062339765625 0.8318853 0.045224640625 0.828293490625 0.0409470234375 0.8140857734375 0.030336975 0.8061852343749999 0.0348914578125 0.8022009109375 0.0418274125 0.79821121875 0.063660346875 0.7999479890625001 0.0951326953125 0.7841361671875 0.1340356328125 0.785906990625 0.16084927031250001 0.7902049796874999 0.1818111359375 0.7895221109375 0.19026214375 0.7934670109375 0.20288188593749998 0.801720640625 0.2066695234375 0.8073556890625 0.20049109999999998 0.8121142953125 0.200921978125 0.8220580749999999 0.1859114515625 0.8301181328125 0.1878573828125 0.83575318125 0.181678959375
3 0.8869721953124999 0 0.8887430203125 0.01317991875 0.895829853125 0.0208142984375 0.9098153171875 0.0193443671875 0.917101090625 0.013923471875000001 0.9200494515625 0.0070964015625 0.9196798625 0 0.8869721953124999 0
3 1 0.47877880156249997 0.9519312281250001 0.021434990625 0.9468822640625 0.018241553125 0.9380766015625 0.019167065625 0.9289752109375 0.032227 0.9171244015625 0.039058728125 0.9134304359375 0.048757240624999997 0.916948771875 0.0772492609375 0.9130952859375 0.0804473578125 0.9182016140625 0.104117340625 0.916869925 0.1163606484375 0.91903863125 0.1170637328125 0.9222719796875 0.127896209375 0.9258637890625 0.132173825 0.9230749453125 0.1455013125 0.9193523000000001 0.14496155156249999 0.9064314765624999 0.1565608734375 0.8938691140625 0.161605334375 0.8922811234375001 0.1664273703125 0.8825022328125 0.1730413296875 0.8837550750000001 0.1999094109375 0.8848537703125 0.20538009062499998 0.88834879375 0.2087368546875 0.8861119828125 0.2173511875 0.8683411390625 0.21270179531250002 0.865813971875 0.2185535671875 0.8571050937500001 0.220399934375 0.8532462390625 0.2384950140625 0.852916459375 0.255288146875 0.8549543281249999 0.25972908906250003 0.8537875296875 0.26357582812499997 0.8557286124999999 0.26709591875 0.85604765 0.2800967515625 0.8587002859374999 0.2854041046875 0.85863218125 0.29472152500000004 0.862645184375 0.298023846875 0.8640001828124999 0.310915796875 0.8697606984374999 0.31589649999999997 0.8686566328125 0.325322803125 0.87376833125 0.334095803125 0.8796596843750001 0.3353386515625 0.8810827859374999 0.33891318125000003 0.8882377234375 0.337230140625 0.892700603125 0.349795440625 0.8947904640625 0.3896099125 0.8905785187499999 0.39936286718749997 0.8871068062499999 0.42114136249999995 0.8863217796875 0.44356850000000003 0.8898114328125001 0.461822246875 0.887961765625 0.47411999375 0.8749101046875 0.489457171875 0.8574242453125 0.5024673234375 0.8450787671875 0.53448875 0.8409008734375 0.5395829953125 0.8351063062499999 0.5392610015625 0.8289192265625 0.5501525796875 0.82149724375 0.574208315625 0.8192550625000001 0.5977196328125001 0.8111161578124999 0.6348850875000001 0.8103598125 0.6675504984375 0.8031314015625 0.6934479421875 0.79040415 0.7068889703125001 0.7773471203125 0.73712313125 0.7696401500000001 0.7435193234375 0.7658494 0.7522969828125 0.7564917046875 0.757935646875 0.752182975 0.76676775 0.7476753015625001 0.7886551265625 0.746275509375 0.810215853125 0.7394736640625 0.82024101875 0.7303435921875 0.8230626796875 0.7212762546875 0.8314639046875 0.719068125 0.8503165125000001 0.7149870171875 0.8563316109375 0.709226503125 0.851350909375 0.7056060109375 0.8368350187500001 0.69900310625 0.8338049078124999 0.6864407453125 0.83884936875 0.6928160265625001 0.8446964828124999 0.6937838828125 0.8539050187500001 0.6848473828125 0.8585683890625001 0.6828381953125 0.86436571875 0.6740952671875 0.8708707953125 0.6644077921875 0.8933025921875 0.657532471875 0.9275421609375 0.6480098875 0.9415773906249999 0.642830084375 0.9421218093749999 0.6370068359375 0.93156154375 0.6284628484375 0.9250113437499999 0.6174884796875 0.9252337703125001 0.60392958125 0.910831421875 0.5996889546874999 0.9103461046874999 0.5789123859374999 0.8920472343749999 0.5594908140625 0.8866403125 0.5536335140624999 0.8807387578125001 0.5497800296875 0.883936853125 0.5448278515625 0.8816642703124999 0.5357264609375 0.8947242046874999 0.5326526328125001 0.8903921468749999 0.5193787203125 0.8936493437499999 0.5144265406249999 0.891376759375 0.50490395625 0.9054119890625 0.48975169531249996 0.9107286625000001 0.4841847515625 0.907589665625 0.48023448125 0.909866909375 0.478578384375 0.9240063640624999 0.4823637640625 0.9301256890625 0.48397506874999996 0.950438909375 0.48018431718750004 0.9592165687499999 0.474196178125 0.95705286875 0.465550034375 0.9644787984375001 0.4716976921875 0.973142915625 0.4767753375 0.9865746265625001 0.47395781406250004 0.9896638390625 0.47453852812499997 0.995188959375 0.5061583203125 1 0.5173457671875 1 1 0.9492709953125 1 0.47877880156249997
2 0 0.385099159375 0.08253302031250001 0.3846720703125 0.08664817968750001 0.3739982609375 0.098498990625 0.367166534375 0.10167497656249999 0.3575224625 0.1113570796875 0.34998765 0.11233030625 0.3442992015625 0.1192576203125 0.3454331640625 0.1251776546875 0.356914284375 0.13133068125 0.3506814171875 0.1406202734375 0.354360171875 0.15007475312500002 0.34964236249999997 0.1560628921875 0.3518060625 0.1658758328125 0.3405333921875 0.1714427765625 0.3436723890625 0.17899022656250002 0.330775778125 0.18892863437500002 0.3306622359375 0.200653978125 0.31267138125 0.2103755046875 0.285580875 0.22701897343750002 0.2745213125 0.23770835625000003 0.25663934374999997 0.24058861406249998 0.25912969375 0.2465821234375 0.2463964109375 0.24357639999999997 0.23274693281249997 0.2494498109375 0.1939575375 0.24827044531250003 0.1428750546875 0.2211113953125 0.0489028625 0.2211794984375 0.0395854421875 0.218396028125 0.038015943749999996 0.21658578125 0.0307579984375 0.16750850625 0.032192125 0.056142771875 0.043897134375 0.0273581359375 0.059025862500000005 0.022440925 0.0944561640625 0.0142616828125 0.10881571718750001 0.009884846875 0.12696523906249998 0.000720725 0.134445609375 0 0.13988063906249998 0 0.1415366984375 0.0021725093750000002 0.1482584140625 0 0.15485536875 0 0.385099159375
2 0 0.148709096875 0.025372259375 0.08995845 0.028519564062500002 0.07007610625 0.033670684374999996 0.059293412499999996 0.0302437640625 0.0466192296875 0 0.049797978124999996 0 0.148709096875
3 0.1379086765625 0.7819861921875 0.1422460875 0.7833923640625 0.1695395171875 0.774006525 0.1772464859375 0.767610334375 0.1770242328125 0.7555303531249999 0.1701990765625 0.7404202609375 0.14909272812500002 0.7389145234375001 0.13972966250000002 0.7594501703125001 0.1374588 0.7727232140625 0.1379086765625 0.7819861921875
2 0.1727237828125 0.7983235578125 0.1868592171875 0.8132285796875 0.2493809375 0.8021874265625 0.3844317015625 0.7477615140625 0.42613355 0.7299679718750001 0.3121434640625 0.68979738125 0.294119709375 0.685731325 0.2874511046875 0.6462007203125 0.2944995453125 0.6335390390625 0.3112298625 0.6332711859375 0.3156756 0.659624921875 0.31084993125 0.68546255 0.424840115625 0.7256340609375 0.5109935531249999 0.6763474671874999 0.5739878546875 0.6458857109375 0.4756437015625 0.595130021875 0.4536773375 0.6093587078125 0.44238439218750003 0.6135258593749999 0.4276836265625 0.5852697546875001 0.42738173125 0.5584804812499999 0.43593285000000004 0.5441712234375 0.45835596718750005 0.5582051734375 0.45938606406250004 0.5759781953124999 0.4572016546875 0.6030287890625 0.47590713906250004 0.5816918328125 0.475249059375 0.5355690671875 0.424802775 0.525971040625 0.38495969375 0.5614495765624999 0.34971465625000003 0.5678151125 0.35730844687499996 0.5375348375 0.3464417109375 0.5058955453125 0.31319041406250003 0.500450684375 0.2697303640625 0.5094883765625 0.254502725 0.5081086515625 0.246478478125 0.49554153124999994 0.240994828125 0.47525731406249994 0.261667659375 0.45669379687499995 0.27450965781250003 0.46726490624999995 0.26429308749999997 0.5055900015625 0.29491113750000003 0.48598119687499997 0.2836961328125 0.4111667921875 0.2394074125 0.42029251093750003 0.2260849140625 0.45298362187499996 0.20811544999999998 0.44146178750000004 0.2005637875 0.4094740671875 0.122085290625 0.601540575 0.1340905203125 0.6220880640625001 0.13687872031249998 0.6486160140624999 0.1269798765625 0.666047140625 0.1241215546875 0.69465820625 0.15225329999999998 0.675310725 0.160688021875 0.6997555609375 0.160525153125 0.72212289375 0.15632711875 0.7300151265625 0.1789050921875 0.74552244375 0.176774971875 0.765117259375 0.1727237828125 0.7983235578125
2 0.40262726249999997 0.5461821390625 0.426770121875 0.5287444796874999 0.4623528671875 0.5324546546875 0.49057736093750004 0.5458788546875 0.4942406078125 0.5887046203125 0.5391875046875 0.6257025875 0.5754904390625 0.6442372093750001 0.598633840625 0.6730965296875 0.6016854781250001 0.6861862921874999 0.6257739499999999 0.6762034890625 0.631985803125 0.6874714562500001 0.6407302359375 0.7148630234375 0.631559496875 0.7232769796875 0.6452766359375001 0.7501468250000001 0.6712703484375 0.7742357765625 0.7007260734375 0.8232912875 0.7101987078125 0.8416666046874999 0.7307166828125 0.8216297203125 0.73864818125 0.8014251546875 0.7516608671875 0.7657863921875 0.7667957578125 0.734394434375 0.7838979953125 0.7057759140625001 0.80462511875 0.67975661875 0.8139122562500001 0.6325885687499999 0.8270335234375 0.5820382515625 0.8364756140624999 0.5363444875 0.843632634375 0.5087712515625 0.8561183515625 0.500007946875 0.8753428890625001 0.4756371515625 0.8809972296874999 0.449711496875 0.8858771875 0.416418090625 0.880494103125 0.40506301718750004 0.84055836875 0.40777078906249997 0.819529353125 0.4070008140625 0.8059592515625 0.405446875 0.7973696718750001 0.379528671875 0.7910029625 0.366787340625 0.7575424234375 0.3673239703125 0.7447005203125 0.3567537796875 0.7345460593750001 0.36378055468750004 0.7219053890625 0.3710695734375 0.71532953125 0.3643106515625 0.70684061875 0.3473225140625 0.700311040625 0.3569485140625 0.6827984234375 0.3736902375 0.6745107421875 0.37456130781249997 0.6633262796875 0.363815984375 0.65204125 0.344141515625 0.6582146437499999 0.315182021875 0.6480139031250001 0.3058238765625 0.5779948109374999 0.2774215328125 0.54530875 0.2853268328125 0.544069603125 0.27353714375 0.544487896875 0.2615723203125 0.5142497781250001 0.22898975937500002 0.5031659796875 0.2271744984375 0.4892396921875 0.206287065625 0.48281869374999997 0.201001509375 0.48604111406249995 0.1678823171875 0.5052112671875 0.15096637968749999 0.5193387859375 0.189713021875 0.5206706796875 0.23427439374999998 0.5427377078125 0.22897577187499998 0.5479737546875 0.21501493906250002 0.53886521875 0.1921314984375 0.5658504718749999 0.193765090625 0.5752688171875 0.219596184375 0.58251066875 0.24863625156250002 0.5942603656250001 0.27273173906250003 0.6479675296875 0.289438034375 0.6639696484375001 0.2981864296875 0.6924112046875 0.2817866 0.7015355703124999 0.2569868046875 0.6913969390625 0.21633034062499998 0.6716693703125001 0.1960535765625 0.6378447281249999 0.20109833125 0.6232367109375 0.2056139109375 0.6111229140625001 0.18602654999999998 0.5984437859375 0.15308810625 0.590373165625 0.1241351453125 0.5272319203125 0.129281915625 0.51842528125 0.13318774687499998 0.5072408203125 0.12244242031250001 0.48906220781250004 0.1169029984375 0.4355020828125 0.125512609375 0.39768855468750003 0.1324671859375 0.3809039453125 0.14019081718749998 0.3505493296875 0.14636143125 0.3326805296875 0.14376966093750002 0.3014428578125 0.157483159375 0.2809791734375 0.17006426562500002 0.2687488796875 0.1892300796875 0.4406510578125 0.37380959062499997 0.4854271703125 0.4570165109375 0.43679328125000005 0.44871763906249995 0.2929991984375 0.3163164234375 0.2697857734375 0.3425970390625 0.22875773906250002 0.3588291890625 0.21627192499999998 0.36759157187499997 0.237246653125 0.375817325 0.24267611093750002 0.40355824218749997 0.25370561875000003 0.4128292796875 0.290171421875 0.40899657031250003 0.2956392421875 0.476964025 0.277653946875 0.51312543125 0.33820831875 0.4993108390625 0.3499117375 0.507021403125 0.357045009375 0.550973028125 0.40262726249999997 0.5461821390625
2 0.4242769234375 0.39341094062500004 0.4314882328125 0.35838192812499997 0.40585070781250004 0.35362646875000003 0.3946041359375 0.3741794609375 0.384139959375 0.3782595046875 0.3748685546875 0.3777433953125 0.37518628125000003 0.3568494296875 0.3868433265625 0.348174153125 0.3934191828125 0.35493307500000004 0.40094030312499995 0.3228517140625 0.4007853484375 0.32137742812500003 0.2649691390625 0.1851574890625 0.278469121875 0.24185044531250002 0.2864311609375 0.2857149609375 0.2944474921875 0.3221237 0.35022257031250004 0.3505325765625 0.3665265828125 0.38607024375 0.38594443906250003 0.4034002765625 0.3972837578125 0.4156189671875 0.4072289765625 0.41457368125 0.4158807578125 0.4091944859375 0.4242769234375 0.39341094062500004
2 0.3708107640625 0.09378800000000001 0.217336046875 0.0329136078125 0.252662025 0.1238693015625 0.263675703125 0.180823578125 0.2671999234375 0.1744927390625 0.2662241171875 0.1492639390625 0.2794844078125 0.147870225 0.288027709375 0.15740350625 0.30382849843750004 0.1482917734375 0.33604989218750003 0.13596545468750001 0.3557853765625 0.13240059843750002 0.369200621875 0.13248117343750002 0.3684339625 0.1012699625 0.3708107640625 0.09378800000000001
2 0.382755915625 0.0222818734375 0.35944983750000004 0.0157917265625 0.21442173750000001 0.035081965625 0.4524414515625 0.11926142343749999 0.480309759375 0.11335213125000002 0.5008741109375 0.1097010890625 0.503004228125 0.090106271875 0.49156434375 0.0689584375 0.47400525625 0.0693134 0.4377023234375 0.050778778125 0.40890458125 0.047845112499999995 0.3990136515625 0.04143461875 0.382755915625 0.0222818734375
2 0.39719525624999996 0.040078375 0.41921390000000003 0.042291703125 0.46696473125000004 0.058133460937500006 0.48074398125 0.0537049890625 0.4919362625 0.0406077734375 0.506652859375 0.0211806375 0.471178596875 0.0025579875 0.43613301250000003 0.0039585515625 0.40497780156249996 0.0184566171875 0.39719525624999996 0.040078375
2 0.521810378125 0.0776993796875 0.5167913937499999 0.06183618125 0.491409390625 0.067484153125 0.5020674406250001 0.08119332968750001 0.521810378125 0.0776993796875
2 0.4772225984375 0 0.46952964843749995 0.0008208328125000001 0.50446845 0.04823123125 0.535589628125 0.0732709078125 0.5386876375 0.10274651093750001 0.5553093765625 0.11739021093749999 0.583332640625 0.11295520625 0.5959733109375 0.10566618750000001 0.6123474453125 0.086064840625 0.6163442484375 0.0603133984375 0.6256777609374999 0.0295311890625 0.642152559375 0.0188599046875 0.6527093875000001 0.047550625 0.6622363124999999 0.0584701625 0.6799117984375 0.01936110625 0.694256378125 0.0282837171875 0.7009249828125 0.067814321875 0.7081668359375 0.0968543890625 0.7158812703125 0.10647385625000001 0.7315192875000001 0.1197303765625 0.7366389359375 0.144523640625 0.7298459187499999 0.1675878296875 0.7170424765625001 0.1972451015625 0.7032089375 0.20912935156249998 0.6968806859375001 0.23661547968750002 0.709149340625 0.25767620625 0.7158258609375 0.2733651921875 0.72555401875 0.3021439390625 0.73305930625 0.3177458171875 0.7454829140625 0.34028083124999997 0.7670229734375 0.3618576671875 0.7921415421875 0.369647884375 0.8094450109375 0.35888857343749997 0.8116837109375 0.3243822015625 0.786100475 0.312170965625 0.7702532140625 0.3048959359375 0.7401156624999999 0.28124251718750004 0.7316267484375001 0.26425438125 0.7284744484375001 0.2422345546875 0.7308138109375 0.2166582484375 0.7412316140625 0.1961923625 0.764948165625 0.214560225 0.768929234375 0.23649294375 0.76928541875 0.2558264375 0.7786653078125 0.2414300703125 0.78763471875 0.21515598749999998 0.790849128125 0.20587749375 0.79122114375 0.17752775 0.7867754078125 0.1511740125 0.789633728125 0.1225629484375 0.778410809375 0.07159016093750001 0.755205296875 0.074029159375 0.734912396875 0.040401312499999995 0.72912861875 0 0.4772225984375 0
2 0.7657106109375 0 0.7769783453125 0.018099645312500003 0.7834999125000001 0.0323143453125 0.774375546875 0.057114140625 0.7716258046875 0.0708136515625 0.784103703125 0.0858928875 0.78964164375 0.098721328125 0.805651678125 0.08362810312499999 0.8078360874999999 0.0565775109375 0.8191369484375001 0.028568742187500003 0.8417149203125 0.0440760578125 0.8526823218749999 0.08464541406250001 0.8566632921874999 0.1065772125 0.8533403046875 0.130767259375 0.835873965625 0.1638939046875 0.8305837265625 0.185311434375 0.81436445 0.20638615 0.8000662421875001 0.21384938125000003 0.791433803125 0.20346799531249998 0.7857137468750001 0.2287683890625 0.81170745625 0.25285734375 0.8353233453125 0.2622951421875 0.8303350015625 0.31050194375 0.824161609375 0.3394614375 0.8353923484375001 0.366591684375 0.8411394359375001 0.3734377109375 0.8378165453124999 0.39762868125 0.84019426875 0.41227891406249995 0.871114215625 0.41945938437499997 0.8852032765625 0.4179785640625 0.8897733265625 0.38173658593750004 0.8930963140625 0.3575465390625 0.8717655000000001 0.32998821093749997 0.8658634578125 0.3216678953125 0.855205965625 0.28404711250000003 0.8522628109375001 0.25604487656249997 0.8495289015624999 0.222061146875 0.8630526296875001 0.20722924531250003 0.8789541796875 0.20704849687500002 0.8827882109375 0.2036653109375 0.8848176671875001 0.17514042968750002 0.89088248125 0.1610924921875 0.9090148140625001 0.15024699375 0.9180848921875 0.1329029734375 0.9106418093749999 0.0860036984375 0.905429509375 0.028439671875 0.9339716328125001 0.0209689859375 0.9424685578125 0.014116423437500001 0.9440004296875 0 0.9205461984375001 0 0.9189532375 0.013607768749999999 0.9048098875000001 0.022544365625 0.8926418 0.0104127828125 0.88814668125 0 0.7657106109375 0