2 0.5843964781250001 0 0.55970198125 0.0128567140625 0.56635388125 0.060073699999999994 0.55395958125 0.08719685 0.5458899046875 0.094892425 0.5377685249999999 0.10110742187499999 0.5214222921875 0.11057440468749999 0.49430106250000005 0.1219009703125 0.4701491171875 0.12274437499999999 0.4238836 0.0872901984375 0.39650914375 0.0674871921875 0.383654740625 0.05755660781250001 0.36454613281250003 0.08343184218750001 0.3608474609375 0.0969061703125 0.3567296828125 0.1222569890625 0.3932598703125 0.16546490625000002 0.4041900421875 0.16804891093750002 0.41704444531249996 0.177979496875 0.417923653125 0.20315674218750002 0.42432229687499995 0.21924323281250002 0.427539928125 0.222878259375 0.41578719375000006 0.2136108203125 0.3976718734375 0.22017388593749998 0.388464440625 0.19528839375 0.3903423203125 0.1774295703125 0.37801042812499996 0.158583653125 0.361617846875 0.14284523124999998 0.3478789140625 0.13146315 0.3442836484375 0.147898634375 0.3370468296875 0.155566053125 0.313469096875 0.148974703125 0.40260642031250005 0.265968459375 0.41649517343750003 0.3055189515625 0.43725340937499996 0.35076095 0.6251260203125 0.26264598281249996 0.8371452578125 0.1974133609375 0.8925040984375 0.302241521875 0.8942517796875 0.4000447359375 0.7949422109375 0.6125863609375 0.758959509375 0.6805687375 0.6964922312499999 0.7064747796875 0.724728346875 0.8703429015624999 0.723477909375 0.8345350796875 0.7346256624999999 0.7955936015625 0.7422815875000001 0.77604969375 0.8695755374999999 0.6485332234375 0.9230832250000001 0.6525951578125 0.9788825453125 0.6506466015625 1 0.6559138578125 1 0.6283903484375 0.9870610140625 0.6221882875 0.9765499468750001 0.607727790625 0.9780140734374999 0.578020634375 0.9955034140624999 0.5774098921874999 1 0.5698452765625001 1 0.515150553125 0.982010546875 0 0.7608931078125 0 0.7503619765625 0.028440045312500002 0.7371865859375 0.057073785937499996 0.740403746875 0.10144501875 0.730461540625 0.10327459375 0.7192727890625 0.0932858421875 0.715791696875 0.0652346875 0.713924521875 0.0356438609375 0.72558408125 0.035236699999999996 0.7353140578125 0.051207784374999996 0.746565215625 0.015227465625 0.75197494375 0 0.6931084484375 0 0.6911332640625 0.003818025 0.684729271875 0.0114563609375 0.6770733140625 0.0309993421875 0.6759248546875 0.045867925 0.6793025078125 0.0709569984375 0.6805490859375001 0.082776246875 0.67637960625 0.10664648750000001 0.671796371875 0.11866839375 0.6523828015625 0.1119325546875 0.6486430984375 0.076475728125 0.655885303125 0.0450844109375 0.655942390625 0.022841090624999998 0.6561028828125 0.003558928125 0.6754377609375 0 0.5843964781250001 0
3 0.789896065625 0.6232912109375001 0.7904846953125 0.6102997921875 0.7869126859375 0.5826298203125 0.7729268671875 0.5701473515625 0.7642719796875 0.5760085296875 0.7519988234375 0.6125702390625001 0.7559944062499999 0.63744595 0.763669403125 0.6482958156249999 0.7726474328124999 0.6516882578125001 0.7861520234375 0.63546633125 0.789896065625 0.6232912109375001
3 0.7456015171875 0.5636896499999999 0.7563742687499999 0.5438571624999999 0.7564746984374999 0.5318092796875 0.7517612265625 0.5162235421875 0.7410600765625001 0.5082588234375 0.7348785125 0.51032766875 0.7357544859375 0.520488471875 0.73041309375 0.5466167265624999 0.7322977859375001 0.5558158140625 0.73857629375 0.5565230531250001 0.742478421875 0.5637987109375 0.7456015171875 0.5636896499999999
3 0.6787343796875 0.4844935546875 0.6895394453125 0.46558642656250004 0.6980685624999999 0.44119983593749995 0.6977777328125 0.432871578125 0.6909821968750001 0.4173585484375 0.6711056421875 0.4152731828125 0.6617328671875 0.43042433124999996 0.6620560109375 0.43967795 0.6586386 0.446282721875 0.6590875125 0.4740617546875 0.66155735 0.4850933890625 0.6674445984374999 0.4895202546875 0.6787343796875 0.4844935546875
3 0.8917607406249999 0.3167716859375 0.8918288562500001 0.3037984421875 0.8857477203125 0.29381940625 0.8664563125000001 0.29356658593749996 0.8574101671875001 0.3031473890625 0.85672110625 0.3281866890625 0.8602642890625001 0.3401073328125 0.871647528125 0.3526806859375 0.8769173171875 0.354349640625 0.8876900687499999 0.334517153125 0.8917607406249999 0.3167716859375
3 1 0.5761151375 0.9857821328125 0.5766116359375 0.981811890625 0.582309221875 0.9786206796875 0.5953915265624999 0.9791700234375 0.611122678125 0.9907794609374999 0.6301735640625 0.9990430890625 0.6280320109375 1 0.627526071875 1 0.5761151375
3 0.9065702359375001 0.5617744609375 0.903188625 0.5544806265625 0.8959014 0.5547351015624999 0.8894255203125001 0.5632996578125 0.8906569515625 0.5836394421875 0.8945267640625 0.5899897375 0.9002524421875 0.5897897921874999 0.9047108859374999 0.5831486671875 0.90646980625 0.5738223421875001 0.9065702359375001 0.5617744609375
3 0.9539492703124999 0.232142375 0.9360220390625 0.24110682031250003 0.9318544234375 0.256076203125 0.9366936656249999 0.2901873546875 0.9484358484375001 0.298115721875 0.9585230265625 0.288498565625 0.9623674984375 0.264275565625 0.9627945578125001 0.2466573359375 0.9539492703124999 0.232142375
3 0.9460097218750001 0.37787861093749997 0.9512506843749999 0.3637982375 0.9507336546875 0.348992446875 0.9346011437499999 0.3347319625 0.9264990859375001 0.3415003234375 0.9198904625000001 0.3611874 0.9243131046874999 0.3684448796875 0.9314964140624999 0.395062253125 0.9369277765625 0.40135801718749997 0.9405713875 0.4012307796875 0.944965203125 0.39273893125 0.9460097218750001 0.37787861093749997
3 0.8931755984375 0.3871355421875 0.8967545828124999 0.38515757968750003 0.8971458421875 0.38143795625 0.8890472718750001 0.3733823515625 0.8802631265624999 0.37554208125 0.8789277796875 0.38207414375000004 0.871378553125 0.3897496921875 0.8700108921874999 0.39535639218749996 0.8746920499999999 0.41001676875 0.8788884921875001 0.410796715625 0.8829879921874999 0.408800578125 0.8931755984375 0.3871355421875
3 0.7104991265625 0.8419360578124999 0.7016538406249999 0.8274210984374999 0.696969196875 0.8275846890624999 0.6871405328125 0.8446047406250001 0.6863257 0.8511186265624999 0.688178078125 0.8593923531250001 0.698391028125 0.8683006125 0.7025551546875 0.868155196875 0.7094869218750001 0.857721740625 0.7104991265625 0.8419360578124999
3 0.5942555015625001 0.8710106140624999 0.5816626874999999 0.8834947390625001 0.5802627109375 0.888176078125 0.5834792625 0.9056670703125 0.591251203125 0.9192930234375 0.596391734375 0.91726053125 0.6034562453125 0.8957045546875 0.5999488640624999 0.8698853078125 0.5942555015625001 0.8710106140624999
3 0.5631940203125 0.9814211625 0.5619879296875 0.9916546734375 0.5637756781250001 0.9980776765625 0.5804321906250001 0.99749601875 0.581702909375 0.98911323125 0.5794304453125 0.9688098 0.5701257859375 0.9709877062500001 0.5631940203125 0.9814211625
3 0.46777707343749997 0.8457796468750001 0.4713883703125 0.8447270484375 0.4781585671875 0.8296667828125001 0.48583705000000005 0.8256926828125 0.48720471249999997 0.8200859812499999 0.4887051171875 0.8033567609375 0.48649379687499994 0.79972801875 0.4850003625 0.7868093078125 0.47634896250000003 0.7778465171875 0.46551506875 0.7810043171875 0.46229154218749996 0.7931612593749999 0.4617352265625 0.807078040625 0.46140510937499996 0.82747235625 0.46338674375 0.8394475296874999 0.46777707343749997 0.8457796468750001
3 0.48707987656249996 0.9359016312499999 0.47891667812499994 0.9259953015625 0.46668280781249993 0.933834440625 0.4666470078125 0.947733046875 0.472954340625 0.9641896140625 0.47864770468750006 0.9630643078125001 0.48714102031250006 0.9525763203125001 0.488444053125 0.9451188953124999 0.48707987656249996 0.9359016312499999
3 0.4653544328125 0.9107185703124999 0.4696836203125 0.9003759984374999 0.4700783640625 0.8818324078125 0.4606802484375 0.8664102609375 0.4507904421875 0.8667556203125001 0.44135303906249995 0.8800560468749999 0.4395294890625 0.88753165 0.443166128125 0.9170523453125 0.4453451359375 0.9197557234374999 0.4511031265625 0.920481140625 0.4611903046875 0.9108639859375 0.4653544328125 0.9107185703124999
3 0.418672109375 0.7678162625 0.43269372968750003 0.766400128125 0.44167873125 0.740144634375 0.44402279843750003 0.7326508578125 0.44357039687500005 0.7196957890625 0.43495131093749995 0.7116583624999999 0.42626410937500003 0.716594178125 0.41569221718750005 0.7123309046874999 0.40661375624999996 0.72098634375 0.40339023125000006 0.7331432859375 0.4057596375 0.756222803125 0.41284949062500004 0.7652401234374999 0.418672109375 0.7678162625
3 0.33329353125 0.8300931296874999 0.3281818265625 0.8478749515624999 0.329772203125 0.8635697484374999 0.3369589984375 0.8753631531250001 0.33946115 0.8873201515625 0.3512356453125 0.8961738796875001 0.3615813390625 0.8939596203125 0.3709541140625 0.8788084703125 0.3743392109375 0.8712783375 0.37375755312500003 0.8546218234375 0.36839430625 0.8353528171875 0.3703182859375 0.8158293328124999 0.368368965625 0.8047795203125 0.35991493750000003 0.786544934375 0.3442025125 0.784314153125 0.34293179375 0.7926969421875001 0.335903084375 0.8003543109375 0.33329353125 0.8300931296874999
3 0.247211009375 0.8423641 0.24935421562500001 0.858966084375 0.260834396875 0.8743155234375 0.264998525 0.8741701078125 0.2696150546875 0.8869797593750001 0.28103060625 0.9004784750000001 0.2831126703125 0.9004057671875 0.2889064625 0.8872325796875 0.3096336484375 0.8689054546874999 0.31285717343749997 0.8567485125 0.31461958125 0.8325982203125 0.301157765625 0.8052736062499999 0.2970294390625 0.791520415625 0.2878898359375 0.7835011656249999 0.2768943703125 0.7820321546875 0.2669687640625 0.79627611875 0.2622518046875 0.7955143484375 0.25841430781249997 0.790089415625 0.2503087640625 0.8116817453125 0.247211009375 0.8423641
3 0.34901386562500003 0.937017040625 0.356146490625 0.9024878218750001 0.3554320890625 0.8969538281249999 0.3362411109375 0.8846531265625 0.329732915625 0.8922923203125 0.32094877187500004 0.8944520499999999 0.3169785296875 0.9001496359375001 0.31638989687499997 0.91314105625 0.3192117046875 0.9491756390624999 0.3314744046875 0.9570858296875 0.3460846546875 0.9426782734374999 0.34901386562500003 0.937017040625
3 0.3142824921875 0.88264046875 0.3116833984375 0.867907384375 0.2934941640625 0.8842929015625 0.28171269374999997 0.9050871078125 0.274741640625 0.9442431359375 0.2845956453125 0.95779638125 0.294453134375 0.956525659375 0.3039586546875 0.930251990625 0.314796034375 0.912270225 0.3142824921875 0.88264046875
3 0.22576585468750002 1 0.23039286093750003 0.9776010218750001 0.23534050468749998 0.96507535 0.2351824203125 0.9456245734375001 0.23268026874999997 0.9336675765625 0.2149573828125 0.90371229375 0.20968759218750002 0.9020433375 0.2034414 0.9022614593749999 0.19790961093749998 0.908013575 0.1940616515625 0.9470605421875 0.189635521875 0.9546270296875001 0.1809160078125 0.9586374828125 0.18774734375 0.9602519062500001 0.1910643265625 0.96569501875 0.1913874703125 0.9749486375 0.20108342499999998 1 0.22576585468750002 1
3 0.576329884375 0.596468965625 0.57584516875 0.5825885390625001 0.562544925 0.5598907343749999 0.5547694984375 0.5610887484375 0.5448115765625 0.5744073515625 0.5420762531250001 0.5856207546875 0.5423993968749999 0.5948743734375 0.553355575 0.62506595625 0.561163315625 0.6247933031249999 0.5692653734374999 0.618024940625 0.576329884375 0.596468965625
3 0.6021836546875 0.635405215625 0.597919096875 0.6475985125 0.601333021875 0.6558177078125 0.6050412640625 0.65754119375 0.61769870625 0.64690779375 0.6173109343750001 0.6358034499999999 0.6140262671875 0.6312857015625 0.6021836546875 0.635405215625
3 0.7287029859375 0.348407515625 0.7257772609375001 0.33924478125 0.7112709265625 0.3267804890625 0.7033304421875 0.3381756609375 0.697145390625 0.3550684734375 0.70104403125 0.3771680984375 0.71060720625 0.3823930859375 0.7168210859374999 0.381249603125 0.7285056125 0.3576793125 0.7287029859375 0.348407515625
3 0.5711237859375 0.46230967031250003 0.5769498921875 0.4500618453125 0.579100071875 0.43701589375000005 0.5785184140624999 0.42035937968750003 0.5646653390624999 0.396754390625 0.5615099296875 0.39593809062499996 0.553863759375 0.40083755312499997 0.5461171609375 0.4177848953125 0.54341415 0.4299236609375 0.5465337609375001 0.44463856718750006 0.546368703125 0.45483572343749995 0.5512795484375 0.461149665625 0.5711237859375 0.46230967031250003
3 0.7418467578125 0.0681484484375 0.7412004703124999 0.0496412109375 0.727214653125 0.037158742187499996 0.721226975 0.044779759375 0.717152815625 0.07734919375 0.725086328125 0.0956019546875 0.72993254375 0.10006517343750002 0.7356259078125 0.0989398671875 0.7396930921875 0.0960183671875 0.738720175 0.083081478125 0.7418467578125 0.0681484484375
3 0.6168199249999999 0.23372379687499997 0.62401369375 0.21586927031249997 0.624246865625 0.19269886875 0.620606740625 0.178002140625 0.6098409625000001 0.1681866953125 0.59539576875 0.1723970953125 0.5838081859375001 0.1987434703125 0.5845837296874999 0.2209521546875 0.58867974375 0.233779984375 0.5941111046875001 0.24007575 0.6118086500000001 0.2394577375 0.6168199249999999 0.23372379687499997
3 0.5570505484375 0.26823815156249997 0.567170040625 0.259546359375 0.57228174375 0.24176453750000002 0.573358578125 0.2278295796875 0.5703035953125 0.214965396875 0.563149115625 0.20409735312500002 0.5520243921875 0.19892689531250002 0.5389110609375 0.211429196875 0.5372490828125 0.223531609375 0.5291112250000001 0.24419857656250002 0.528849225 0.2516196484375 0.5371093671875 0.2643020609375 0.5570505484375 0.26823815156249997
3 0.4552486296875 0.30792627499999997 0.4609096765625 0.30587560625 0.468950590625 0.282432553125 0.47016016718750003 0.25737507656249997 0.46177076875 0.2409912140625 0.4580302140625 0.23834236718750001 0.453963028125 0.241263865625 0.4521071640625 0.24781410781250002 0.43941740625000003 0.257522146875 0.4356733640625 0.26969726562499996 0.4363842796875 0.2900552265625 0.44298593124999996 0.3000160859375 0.4552486296875 0.30792627499999997
3 0.412670228125 0.2825449265625 0.3959525734375 0.26645189375 0.38404184531249996 0.2835446515625 0.3818593515625 0.295665240625 0.38413530156250003 0.3011447046875 0.40241450624999997 0.31718320625 0.40651400468750004 0.31518706875 0.4086965 0.3030664796875 0.413578515625 0.2936310921875 0.412670228125 0.2825449265625
3 0.4109391984375 0.17327951875 0.4011463375 0.1764009640625 0.391708934375 0.1897013890625 0.39121375937499997 0.22029286250000002 0.39498662812499996 0.223867071875 0.4038354015625 0.22355806562499997 0.4173076765625 0.2064107765625 0.4147120703125 0.1768537265625 0.4109391984375 0.17327951875
3 0.678107140625 0.10836038750000002 0.682145496875 0.0896895609375 0.6823786703125 0.066519159375 0.6784442281249999 0.058318139062499996 0.6715482625 0.054852990625 0.6617877140624999 0.0588997984375 0.6573938984375001 0.067391646875 0.65384374375 0.0851189375 0.6574803828125 0.1146396328125 0.6623589140624999 0.1200282140625 0.6691256234375 0.119791915625 0.678107140625 0.10836038750000002
3 0.6679138874999999 0 0.661083771875 0.008893903125 0.659454109375 0.021921678125 0.660588596875 0.0394853765625 0.665564071875 0.047650040625 0.6711928046875 0.0446740109375 0.677571740625 0.033333368749999995 0.6807306375 0.0193257046875 0.680766440625 0.0054271 0.6737395515625 0 0.6679138874999999 0
3 0.29422855000000003 0.6665420328125 0.299168221875 0.688605303125 0.3137103578125 0.6871709906250001 0.3233739625 0.680348096875 0.332976425 0.6568505140625 0.33372662656249996 0.648485903125 0.3294044140625 0.6291805421875 0.3237791671875 0.6173326046875001 0.31795654687499997 0.6147564640625001 0.309854490625 0.6215248265625 0.3050371015625 0.6328109390625001 0.2998319421875 0.63299270625 0.2973909328125 0.6377104 0.2937761484375 0.6535869671875 0.29422855000000003 0.6665420328125
3 0.26189192499999997 0.665818271875 0.26764642968749996 0.6813676546874999 0.26969269218749997 0.695193553125 0.2678368296875 0.70174379375 0.28289599375 0.7151152703125 0.2915831953125 0.7101794546875 0.2924661421875 0.690692325 0.2964040703125 0.6840693765625 0.29497875156250003 0.658177421875 0.29026528125 0.6425916843749999 0.270783471875 0.6219627265625001 0.2609582953125 0.624158809375 0.25405884375 0.635517628125 0.2537287265625 0.6559119421874999 0.2560693046875 0.66324213125 0.26189192499999997 0.665818271875
3 0.2532484328125 0.7615486125 0.2542929515625 0.7466882906250001 0.2508178859375 0.7217944046875 0.2358879765625 0.7121243749999999 0.226095115625 0.7152458203125 0.22091529687499997 0.746000884375 0.22660168593750002 0.774523509375 0.229886353125 0.7790412578125 0.2387028125 0.7778068921875 0.24989564999999997 0.77000410625 0.2532484328125 0.7615486125
3 0.191962834375 0.6034059265625 0.19212789218749998 0.5932087703125 0.18796725 0.5785302171875 0.1840974359375 0.572179921875 0.1736548015625 0.571618096875 0.1639265671875 0.5765902640625 0.15526470781249999 0.6120993765625 0.170158815625 0.635668009375 0.1748757734375 0.63642978125 0.187500903125 0.6248710187500001 0.191962834375 0.6034059265625
3 0.1876197 0.6730443671875 0.1868118421875 0.64991031875 0.174581459375 0.6429254906249999 0.158894375 0.6712680062499999 0.15667956562500002 0.6824632328125 0.15729353906250002 0.7000451078125 0.166756284375 0.717317978125 0.17469328281250002 0.7207467734375 0.18341628593749998 0.701912353125 0.18517869375 0.6777620609375 0.1876197 0.6730443671875
3 0.2212812140625 0.7117079640624999 0.223496021875 0.7005127375 0.22353182187499998 0.6866141328124999 0.219662009375 0.6802638375 0.20085880312499999 0.6790674796875 0.18839524531250001 0.6952530515625 0.18858913125 0.7008052218749999 0.1813953625 0.7186597515625001 0.18396214375 0.7324674718749999 0.1927104859375 0.744206346875 0.2055295015625 0.7381997546875 0.2212812140625 0.7117079640624999
3 0.1428597421875 0.79412466875 0.1390187578125 0.803523703125 0.1367070078125 0.81194284375 0.1381034953125 0.8220854703124999 0.136735834375 0.827692171875 0.12033434843749999 0.8505006937499999 0.11753439531250001 0.8598633734375 0.121077578125 0.8717840156250001 0.1219177515625 0.895843425 0.126469653125 0.906802353125 0.1329420453125 0.9130617640625 0.1371996296875 0.9305164015624999 0.14048429843750002 0.9350341500000001 0.1539172875 0.9466094343749999 0.1621162859375 0.9426171578125 0.1665747296875 0.9359760328125001 0.17207769374999998 0.9144745890625 0.172540553125 0.8829577546875 0.19102759062500002 0.845252559375 0.1911315046875 0.8183807125 0.1883062109375 0.7971700953124999 0.1895769296875 0.7887873078125 0.1865219484375 0.775923125 0.17855263593749998 0.7715689703125 0.1725003296875 0.7773392625 0.16778337031249999 0.776577490625 0.1568167328125 0.790857809375 0.14891205000000002 0.7883543765625001 0.1428597421875 0.79412466875
3 0.0777366171875 1 0.080546378125 0.9945696281249999 0.0782450859375 0.95851686875 0.0717080640625 0.950406734375 0.05765413125 0.950897509375 0.0500079625 0.95579696875 0.046590549999999994 0.962401740625 0.0460630609375 0.9920678515624999 0.0480547078125 1 0.0777366171875 1
3 0.51780369375 0 0 0.018082103125000002 0 0.49380373437499997 0.0157866453125 0.9458741203125 0.020600546875 0.9494119765625 0.0294493203125 0.9491029703124999 0.03943955625 0.9367097296875 0.0517380546875 0.9307213140625 0.05609955625 0.9213041046875 0.05457729375 0.8926360624999999 0.058644479687499994 0.8897145625 0.0552017265625 0.8657460390624999 0.0573842203125 0.85362545 0.055269842187499994 0.8527727953124999 0.0528000046875 0.8417411609375 0.0495153375 0.8372234125 0.053227065625 0.8241229296875 0.056902990625000004 0.8249210546875 0.0706014671875 0.8142512999999999 0.0834851125 0.81009543125 0.0854056046875 0.805395915625 0.0956220390625 0.7994802078125 0.09624647187499999 0.7725901828125 0.09553206875 0.7670561890625 0.09227971406249999 0.7634638015624999 0.09511198125 0.755026484375 0.1125152125 0.76090418125 0.115444421875 0.75524295 0.12426088125000001 0.75400858125 0.1293725859375 0.7362267609375001 0.13087299218749998 0.719497540625 0.129149871875 0.7149252609375 0.13058216250000002 0.711169284375 0.12889135625 0.707522365625 0.1294799890625 0.6945309468749999 0.1272040375 0.6890514828125001 0.1279219265625 0.6797615109375 0.1241490578125 0.6761872999999999 0.12369665625 0.663232234375 0.11829760781250001 0.6578618296875 0.1200565296875 0.64853550625 0.1155692578125 0.6394273015625 0.10977895156249999 0.637776521875 0.1086086640625 0.634111428125 0.10135375312499999 0.635291265625 0.0977782546875 0.622445259375 0.0984708015625 0.5825819921875001 0.1033528203125 0.5731466046875 0.108335265625 0.5516633359374999 0.11068281718749999 0.529345590625 0.10847498281250001 0.5108928828125 0.11117799218749999 0.49875411875 0.125267728125 0.48436474062499996 0.1436185328125 0.4726060328125 0.15816764218749998 0.441523784375 0.1626907140625 0.436733384375 0.1684487046875 0.4374588015625 0.175380471875 0.4270253453125 0.1844624171875 0.4035459375 0.18833920312500002 0.3802482984375 0.1990508140625 0.34374111875 0.20208394062499999 0.311208040625 0.2111012578125 0.285877909375 0.2247351046875 0.27335743125 0.23986935625 0.24410773125000002 0.248003728125 0.23826473125 0.25239754375 0.2297728828125 0.26212577656249997 0.2248007140625 0.2670401078125 0.2162906875 0.2730635875 0.19477106718749998 0.27596396875 0.1733605046875 0.2834485671875 0.163834234375 0.2927532265625 0.161656328125 0.30238451718750003 0.1539080734375 0.305902359375 0.13525542031249999 0.31039311718749996 0.129539659375 0.31579216250000003 0.1349100609375 0.3183912578125 0.14964314375 0.3247667078125 0.15312647031249998 0.3376503515625 0.1489706015625 0.33169847343750003 0.14269301406249998 0.33137533124999996 0.1334393953125 0.3406153625 0.12941076406250002 0.34302405625 0.12376770937499999 0.352199459375 0.1178883546875 0.36342810000000003 0.096186965625 0.372675103125 0.0625104015625 0.3831535390625 0.049173621875000004 0.38835870156249996 0.048991853125 0.3934311171875 0.0599326046875 0.4014973734375 0.067062846875 0.412460525 0.0676064953125 0.4249817375 0.08291958125 0.4291781796875 0.083699528125 0.4486276734375 0.1034031234375 0.4676247671875 0.110151653125 0.4730561265625 0.11644741875 0.4771233125 0.1135259171875 0.48190489999999997 0.11613841250000001 0.4918951359375 0.1037451703125 0.49465928750000004 0.10828109687500001 0.5081280765625 0.105957775 0.5129096640624999 0.1085702703125 0.5233881 0.095233490625 0.5388743234375 0.0909867375 0.5442087421874999 0.09450641875 0.5483082421875001 0.092510278125 0.5509466234375 0.078520790625 0.5475973265625 0.07215231718750001 0.5474069265625 0.0517761796875 0.5518007421875 0.04328433125 0.5576233609375 0.045860471874999996 0.56676645 0.039055756250000004 0.561238146875 0.029983906249999998 0.55710981875 0.016230715625 0.5601359718750001 0.01334556875 0.5599420859375 0.0077933984375 0.52522264375 0 0.51780369375 0
2 1 0.6500968281249999 0.90840518125 0.6441680203125 0.9035554781249999 0.6545287703125 0.8912569796875 0.660517184375 0.88741599375 0.66991621875 0.8772318718750001 0.6767572875 0.8758642109375 0.6823639890625001 0.8690328734375001 0.680749565625 0.8639281421874999 0.6688834515625001 0.8573553203125 0.674671921875 0.8483449750000001 0.67035411875 0.838584428125 0.674400925 0.8327618078125001 0.671824784375 0.822186428125 0.682385478125 0.8168520109375 0.6788657984375 0.808423325 0.691204509375 0.7985012046875 0.6906245078125 0.7855494453125 0.70775361875 0.7739618625 0.7340999953125 0.7565874609375001 0.7439716265625 0.7446767328125 0.7610643828125 0.741977209375 0.75837918125 0.7351100703125 0.7706633609375 0.737156334375 0.784489259375 0.7285914171875 0.82277445625 0.726204578125 0.8738147734374999 0.7467423 0.9694525734375 0.7460244125 0.978742546875 0.7486916203125 0.9805023859374999 0.7499911671875 0.987868928125 0.799048934375 0.989861753125 0.9109598859375 0.9859537359375 0.94072973125 0.9728697765625001 0.9481064578125 0.9378687890625 0.957267446875 0.9241147703125 0.9628996671875001 0.9063147718750001 0.9725632718749999 0.8994918796875 0.9738986187500001 0.8929598171875 0.97207855625 0.8856114515625 0.9759195406250001 0.87621241875 0.97940158125 0.8714583703125 0.988673928125 0.868355103125 1 0.8524271875 1 0.6500968281249999
2 1 0.8624150203125 0.9790426374999999 0.8761033578124999 0.9448685187500001 0.9421510671875 0.9403419578125 0.9617654343750001 0.9344512234375 0.9721625375 0.9369856890625 0.9850448953125 1 0.9828443874999999 1 0.8624150203125
3 0.88087965 0.2439589265625 0.8766508937499999 0.2422536171875 0.8487692265625 0.2497126984375 0.8406348546875 0.2555556984375 0.8400139109375001 0.26762175625 0.8457684140625 0.28317114062500004 0.8667183140624999 0.2861455140625 0.8774910671875 0.266313025 0.880682278125 0.253230721875 0.88087965 0.2439589265625
2 0.8472889890624999 0.225232778125 0.8342277093750001 0.20937802656249999 0.771088096875 0.21603098906249998 0.6325697484374999 0.2609036578125 0.58972826875 0.27574488124999996 0.7006385234375 0.3237691640625 0.7183347390625 0.329082590625 0.7222295843750001 0.36898207968749996 0.7143150796875 0.3811212421875 0.69760683125 0.3802213953125 0.6950102671875 0.35362173750000003 0.701626521875 0.3281836703125 0.5907162359375 0.28015846093749996 0.501334603125 0.3233152359375 0.4363688484375 0.349308528125 0.530932903125 0.40680072031250003 0.5538383015624999 0.394138990625 0.5653944234375 0.390769746875 0.57808833125 0.41998249374999996 0.576520765625 0.4467275671875 0.5669923140625001 0.46040547500000006 0.545602778125 0.44484155156250005 0.5458149734375 0.42703996875000005 0.549881015625 0.40020764687500004 0.52973270625 0.42018779687499996 0.527171821875 0.4662441171875 0.5768256968750001 0.479337715625 0.6190465796875 0.44672491875000003 0.6546498 0.44283345625 0.6449622609375 0.4725102546875 0.65359548125 0.5048305 0.686385965625 0.512581590625 0.7303705859375 0.506597534375 0.7454648875000001 0.509036125 0.7525929484375 0.522132375 0.7566482859375 0.5427497015625 0.7347308875 0.5598259359375 0.7226575734375 0.5483847640625 0.73552268125 0.5108656984375 0.7036113734375 0.5282909296875 0.7095802703125 0.6037054093750001 0.754397684375 0.5976913453125 0.7699681453125 0.5660092 0.7870901156250001 0.578756453125 0.79239203125 0.61119303125 0.884077240625 0.4250687703125 0.8735345750000001 0.40373389218750005 0.8726036640625001 0.37707606718750003 0.883694328125 0.3603779109375 0.8885414953125 0.33203592656250003 0.8591286640625 0.34937390625 0.8524196734375 0.324400240625 0.8541424125000001 0.30209875468749997 0.8588807546874999 0.2945185875 0.8374395171875 0.277474084375 0.8409313125000001 0.2580755921875 0.8472889890624999 0.225232778125
2 0.6003570453125 0.4607227359375 0.57505660625 0.47643379843749994 0.5398193484375 0.47025053437500003 0.5126000328125 0.45489019375 0.5119330843750001 0.41191321406250003 0.46967652343750005 0.371870034375 0.43475493125 0.3508481984375 0.4136810296875 0.320444775 0.411549921875 0.307174028125 0.3868237625 0.3154521859375 0.38141305625 0.3037783515625 0.3746006625 0.2758435265625 0.384335990625 0.2680897859375 0.3725266109375 0.24032853437499999 0.348276578125 0.2144850328125 0.322314546875 0.163494290625 0.3141467828125 0.1445029578125 0.2922810859375 0.163059771875 0.28295950937500003 0.182661846875 0.2674924875 0.217306075 0.250204671875 0.24756580625 0.23114776718750002 0.274921621875 0.2086561203125 0.299431684375 0.1961013296875 0.3458369984375 0.1794858125 0.39534888437500004 0.1668792859375 0.44027269375 0.1578162890625 0.4672795140625 0.14474968906250002 0.47515051093749994 0.1238719609375 0.4981209046875 0.11642291093749998 0.5235889796875 0.1092324109375 0.556460875 0.11381029218750001 0.5681637937499999 0.1538376296875 0.56824839375 0.174761709375 0.570483403125 0.1881903578125 0.5729801609375 0.19495105 0.59943440625 0.20041346093749998 0.6125888203125001 0.233829925 0.6143875859375 0.24590320625 0.625827834375 0.2565230953125 0.6195265156249999 0.2696414296875 0.613137021875 0.27572979062499997 0.6203381875 0.2830129921875 0.6378770984375 0.290198140625 0.628730028125 0.30883594062499997 0.6132507046875 0.31716419687499997 0.612959875 0.3275718578125 0.6244592124999999 0.3374569765625 0.644872959375 0.3292785078125 0.673331275 0.33880160937500003 0.6833781921875001 0.40666889062499995 0.716595634375 0.4398267765625 0.7109896546875001 0.440240496875 0.7228370640625 0.4389885984375 0.7347435640625 0.466880215625 0.769356059375 0.47781038750000004 0.7719400656250001 0.4902457171875 0.793748065625 0.49628237343750004 0.799468653125 0.490757525 0.8322823828124999 0.47045407343749995 0.8478198718750001 0.45906379687500004 0.8081821296875 0.46084359218750004 0.7636363984375001 0.4384607046875 0.7673827953125001 0.43226355468750005 0.7809443703125 0.43975363281249996 0.8044074484375001 0.4129480703125 0.8008954390625 0.4053545515625 0.774470278125 0.40015607500000006 0.744995784375 0.39011581562500003 0.7201393765625 0.33770485156249996 0.6997273546875 0.3223519703125 0.6898840171875 0.2928357015625 0.704259915625 0.2820036171875 0.7283628171875 0.2892815 0.769627478125 0.3075465765625 0.7912309750000001 0.341640728125 0.7885579968750001 0.3565281515625 0.7850724203125 0.36724609531249996 0.8054570828125 0.37759666875 0.8391997421875 0.38362797187500003 0.868645153125 0.446974428125 0.8679154312499999 0.456032071875 0.8646334343750001 0.4664397328125 0.8761327734375 0.4841876515625 0.882926778125 0.5382178843750001 0.8780743062499999 0.5764244265625 0.8737744078125 0.593706921875 0.8672404265625 0.6244180359375 0.8632022750000001 0.6420625171875 0.8670341953125 0.6741807 0.8555331328125 0.69547215 0.844410146875 0.709009590625 0.8261441625 0.5504017734375 0.6300229875000001 0.5115389546875 0.5438953328125 0.5594754749999999 0.55556651875 0.6936834390625 0.697675778125 0.7186735609375 0.6730784671875 0.7607339515625 0.6597478296875 0.7738005828125 0.6518777578125 0.7534507484375 0.64220891875 0.7499696234375001 0.6141568375 0.7396136984374999 0.604139003125 0.70296936875 0.6054186515625 0.7022560359375001 0.5372353453125001 0.7227200140625001 0.50241661875 0.6613494921874999 0.5119735000000001 0.65021244375 0.503465328125 0.6461624578125 0.4591231765625 0.6003570453125 0.4607227359375
2 0.5681033421875 0.6116115890625 0.5584660984375 0.6460522375 0.5837094484375001 0.6525844953125 0.596362328125 0.632866090625 0.6070856234375 0.629525928125 0.6162984421875 0.630687521875 0.6145240000000001 0.651508428125 0.60229019375 0.6593494171875001 0.596201834375 0.6521482515625 0.5864611531249999 0.6836268171875 0.5865128890625 0.6851083203125 0.712496034375 0.8304704953125001 0.7029836375 0.772973928125 0.6981008265625 0.7286608609375 0.69264376875 0.6917816203125 0.638986259375 0.6595512734375 0.62520094375 0.6229628640625 0.607039271875 0.604320525 0.5965799078125 0.5913406078125 0.5865859999999999 0.5916896031250001 0.577580059375 0.5964521781250001 0.5681033421875 0.6116115890625
2 0.6005386203125 0.9142342749999999 0.7493930984375 0.9856662343749999 0.7204979203125 0.8924678875 0.7134840015624999 0.8348840750000001 0.7095267484375001 0.8409536546874999 0.70874030625 0.8661890671875 0.6954150953125 0.86665439375 0.6875576140625 0.856548384375 0.6711597109375 0.864535715625 0.6381569671875 0.87458435625 0.6182208859375 0.8767638515625 0.604843940625 0.8757476734375 0.6034315484375 0.906936334375 0.6005386203125 0.9142342749999999
2 0.5836345515625 0.9847329640625 0.606431128125 0.99283305 0.752451565625 0.98370645 0.5208837187500001 0.883128634375 0.49267108437499996 0.8870795359375 0.47190214375000006 0.8892871875000001 0.4684103484375 0.9086856828125001 0.47834716874999994 0.9305800078124999 0.4958882421875 0.9314507703125001 0.5308098343750001 0.9524726078124999 0.559332784375 0.95740795625 0.568752446875 0.964492790625 0.5836345515625 0.9847329640625
2 0.5704718046874999 0.9659725765625 0.5486611921875 0.962228696875 0.5021317437499999 0.9430945984375001 0.4880771453125 0.946551090625 0.4759985125 0.9588356687499999 0.4599625953125 0.977188903125 0.49405139531250003 0.9982407484375001 0.5291093078125 0.999288253125 0.5611999609375 0.98699878125 0.5704718046874999 0.9659725765625
2 0.44878454999999995 0.9197505015624999 0.45268474531249997 0.935925165625 0.478398903125 0.9320615109375 0.46872311875 0.9176422609375001 0.44878454999999995 0.9197505015624999
2 0.49551888593750004 1 0.46402863749999995 0.9503565796875 0.43472995000000003 0.9232069953125001 0.43369559999999996 0.8935870859374999 0.41813584375 0.8778195828124999 0.3898714734375 0.88028898125 0.37675313906249996 0.8866784750000001 0.3590515703125 0.905089871875 0.3532681734375 0.9304997828125 0.3418101375 0.9605559343750001 0.32463108125 0.9700519999999999 0.3161013328125 0.9406947625000001 0.3073593234375 0.9291372593749999 0.28699878437500004 0.9669180687500001 0.27331155625000003 0.9570165656249999 0.26941671093749997 0.917117078125 0.26421823125 0.8876425843750001 0.257193609375 0.87750841875 0.2425184140625 0.8631933359374999 0.23914072812499998 0.8381033390624999 0.2475260734375 0.8155691890625001 0.2623671140625 0.7868772859375001 0.27699595781249997 0.7759869640625 0.2852261296875 0.7490092265625 0.2744564828125 0.7271439843749999 0.268890634375 0.7110274859375 0.261193678125 0.681640240625 0.2547950046875 0.665552825 0.2439736234375 0.6422060796875 0.2239911578125 0.61917924375 0.19947719531250002 0.6096558203125 0.1814653453125 0.61918189375 0.1768250578125 0.6534480453125 0.201494159375 0.6674141312499999 0.21679533750000002 0.6757768890625 0.245209496875 0.7014749796874999 0.2524927 0.7190138890625 0.25410129531250003 0.7411999703125 0.2499835171875 0.7665507875 0.23816346562500001 0.7862401109375 0.21578596249999998 0.7662626078125 0.213344540625 0.7441056125000001 0.214337859375 0.724794365625 0.20397658125 0.73850135625 0.19319623125000002 0.7640857624999999 0.1893424171875 0.7731174281250001 0.1869937296875 0.8013721625000001 0.189590290625 0.8279718234375 0.1847431265625 0.85631380625 0.1923830265625 0.9079452984374999 0.215702146875 0.9071309765625 0.233599853125 0.94209246875 0.23681701406250003 0.9864637015625 0.2354616765625 0.9954081171875 0.2442946203125 1 0.49551888593750004 1
2 0.18929683749999998 1 0.20704216562500002 0.9934348546875 0.190080690625 0.9614054359375 0.1845665765625 0.9467704421875001 0.1953986625 0.9226675406249999 0.1990973359375 0.9091932125 0.1877017078125 0.893280296875 0.18307212343749998 0.8800967984374999 0.1660482390625 0.8940364515624999 0.16198219687499998 0.9208687734375 0.14875507187499998 0.9480210078125 0.1273138328125 0.9309765062500001 0.11920312343749999 0.889740928125 0.11676173593750001 0.86758485625 0.12176404062499999 0.843685534375 0.1414986296875 0.8118579734375 0.14826999375 0.7908616453125 0.165919859375 0.7709696671875 0.1807038453125 0.76452200625 0.1885910875 0.7754802734374999 0.19606207656250002 0.7506405203125001 0.171812046875 0.724797015625 0.1489120328125 0.713734846875 0.1572509609375 0.6659934437499999 0.165429428125 0.6375351265625 0.1561185578125 0.6096875515625 0.1508630234375 0.6024573046875 0.155865296875 0.57855705625 0.1545153125 0.5637766484375 0.1241715703125 0.5544568046875 0.1100135328125 0.5549512140624999 0.102926503125 0.59078611875 0.09792419687500001 0.6146854390625001 0.1172806796875 0.6436645984375 0.12258794843750001 0.6523763515625001 0.13059518750000002 0.6906489203125 0.13157783437499998 0.71878825 0.1319344984375 0.7528799046875 0.1174090921875 0.7667323078125 0.10153366875 0.76580338125 0.097472978125 0.7689108765625 0.093458671875 0.7972247046875001 0.0864286953125 0.8108153625 0.0675839890625 0.82036959375 0.0573261484375 0.83703866875 0.06147957187500001 0.8843429031250001 0.06266371093749999 0.9421302984375 0.0336699859375 0.9475917875000001 0.024715748437499997 0.9538349421874999 0.0174715484375 0.9941234140624999 0.0177802203125 1 0.0426801875 1 0.0435497515625 0.9917303593750001 0.043917121875 0.9783723640625 0.0481383046875 0.9559827046875 0.06287058749999999 0.9480544656250001 0.0741627765625 0.9610053000000001 0.0787923625 0.9741887968749999 0.07196926249999999 0.993703621875 0.064144496875 1 0.18929683749999998 1