2 0.0266666671875 0.3327324078125 0.0008333328124999999 0.325322221875 0.0033333328125 0.353478703125 0.017499999999999998 0.3608879625 0.027500000000000004 0.37570648125 0.025 0.40534444374999995 0.0075 0.40534444374999995 0.0008333328124999999 0.4157175921875 0.0008333328124999999 0.9990740734375001 0.04 0.9990740734375001 0.040051571875000004 0.984248828125 0.0408333328125 0.9990740734375001 0.1241666671875 0.9981 0.1933333328125 0.9990740734375001 0.21833333281249998 0.9990740734375001 0.23333333281250002 0.9625351859375 0.2475 0.934378703125 0.24583333281250003 0.8899222218749999 0.2558333328125 0.888440740625 0.2666666671875 0.8988138890625 0.26916666718750004 0.92696944375 0.27 0.9566074078125 0.25833333281250004 0.9566074078125 0.2491666671875 0.94030648125 0.2366666671875 0.975872221875 0.22749999999999998 0.9990740734375001 0.2708333328125 0.9990740734375001 0.2883333328125 0.9951361109375 0.2916666671875 0.989209259375 0.2983333328125 0.9817990734375 0.3066666671875 0.9625351859375 0.3083333328125 0.9477157406250001 0.30583333281249997 0.9225240734375 0.305 0.91066851875 0.31 0.8869583328124999 0.315 0.875103703125 0.3341666671875 0.8825129625000001 0.3366666671875 0.9180787031250001 0.3283333328125 0.9491981484374999 0.3275 0.9714259265624999 0.3266666671875 0.990690740625 0.3066666671875 0.9936546296875 0.2941666671875 0.9951361109375 0.2966666671875 0.9990740734375001 0.32999999999999996 0.9990740734375001 0.3933333328125 0.9990740734375001 0.4233333328125 0.9847629625 0.4183333328125 0.9373425921875 0.43166666718749996 0.91066851875 0.44000000000000006 0.903259259375 0.4483333328125 0.89733148125 0.465 0.888440740625 0.4925 0.8780675921875 0.5166666671875 0.8780675921875 0.5616666671874999 0.9151148140625001 0.5883333328125 0.9358611109374999 0.6008333328125001 0.9462342593749999 0.6208333328125 0.9210416671875 0.625 0.9077046296875 0.63 0.8825129625000001 0.595 0.83805648125 0.5841666671875 0.8350925921875 0.5716666671875 0.82471944375 0.5716666671875 0.7995268515625 0.5658333328125 0.7832268515624999 0.562744521875 0.7794817453125 0.5741666671875 0.789153703125 0.5925 0.7832268515624999 0.6008333328125001 0.8084185187499999 0.5983333328125 0.8262009265625 0.61 0.845465740625 0.6258333328125001 0.8617666671875 0.6391666671875 0.8736212968749999 0.6433333328125 0.8573212968749999 0.6508333328125 0.8499111109375 0.6741666671875 0.8573212968749999 0.5891666671875 0.7372879625000001 0.5766666671875 0.6972768515625 0.5575 0.6513379625 0.36666666718749996 0.7328425921874999 0.1525 0.7906361109375 0.1008333328125 0.6839398140624999 0.1025 0.5861351859374999 0.20916666718750002 0.37718888906250003 0.2475 0.31050370312500003 0.31083333281250003 0.28679351875000003 0.2883333328125 0.1220397953125 0.2883333328125 0.15786944375 0.2758333328125 0.1963981484375 0.26749999999999996 0.2156629625 0.1358333328125 0.338659259375 0.08249999999999999 0.3327324078125 0.0266666671875 0.3327324078125
3 0.23854166718749997 0.4148148140625 0.2520833328125 0.378703703125 0.24895833281250002 0.353703703125 0.2416666671875 0.3425925921875 0.2328125 0.33888888906250003 0.21875 0.3546296296875 0.21458333281250003 0.36666666718749996 0.21354166718749998 0.3796296296875 0.21614583281250002 0.4074074078125 0.2296875 0.4203703703125 0.23854166718749997 0.4148148140625
3 0.265625 0.48148148125 0.26510416718749996 0.471296296875 0.2713541671875 0.4453703703125 0.2697916671875 0.4361111109375 0.2635416671875 0.43518518593750005 0.2598958328125 0.427777778125 0.2567708328125 0.427777778125 0.2453125 0.447222221875 0.24479166718749998 0.459259259375 0.24895833281250002 0.475 0.259375 0.48333333281249996 0.265625 0.48148148125
3 0.3359375 0.5638888890625 0.3359375 0.5546296296875 0.3395833328125 0.5481481484375 0.3401041671875 0.5203703703125 0.3380208328125 0.509259259375 0.3322916671875 0.5046296296875 0.32083333281250004 0.509259259375 0.309375 0.527777778125 0.3 0.5518518515624999 0.3 0.5601851859375 0.30625 0.5759259265625001 0.3260416671875 0.578703703125 0.3359375 0.5638888890625
3 0.1359375 0.684259259375 0.1375 0.659259259375 0.134375 0.647222221875 0.1234375 0.634259259375 0.11822916718750001 0.6324074078125 0.1067708328125 0.6518518515625 0.1020833328125 0.66944444375 0.1015625 0.6824074078125 0.10729166718750001 0.6925925921875 0.1265625 0.69351851875 0.1359375 0.684259259375
3 0 0.40648148125 0.0171875 0.40648148125 0.021354167187500002 0.40092592656250003 0.025 0.3879629625 0.025 0.372222221875 0.0140625 0.352777778125 0.0057291671875 0.3546296296875 0 0.3574074078125 0 0.40648148125
3 0.1130208328125 0.42314814843750004 0.1125 0.40277777812500004 0.1088541671875 0.396296296875 0.103125 0.396296296875 0.0984375 0.40277777812500004 0.09635416718749999 0.41203703750000004 0.0958333328125 0.4240740734375 0.09895833281250001 0.43148148124999997 0.10625 0.43148148124999997 0.1130208328125 0.42314814843750004
3 0.05989583281250001 0.728703703125 0.05625 0.6944444437499999 0.0447916671875 0.6861111109375 0.034375 0.6953703703125 0.0296875 0.7194444437499999 0.0286458328125 0.7370370375 0.0369791671875 0.7518518515625 0.055208332812500004 0.74351851875 0.05989583281250001 0.728703703125
3 0.07552083281250001 0.6240740734375 0.0713541671875 0.6166666671875001 0.06510416718749999 0.5898148140624999 0.05989583281250001 0.5833333328125 0.05625 0.5833333328125 0.0515625 0.5916666671875 0.05 0.60648148125 0.0442708328125 0.6203703703125 0.0442708328125 0.6351851859375001 0.05989583281250001 0.65 0.0682291671875 0.64351851875 0.07552083281250001 0.6240740734375
3 0.1171875 0.6046296296875 0.125 0.597222221875 0.1265625 0.5916666671875 0.1223958328125 0.5768518515625 0.11822916718750001 0.5759259265625001 0.1140625 0.577777778125 0.103125 0.5990740734375 0.0994791671875 0.6009259265625 0.09895833281250001 0.6046296296875 0.1067708328125 0.6129629624999999 0.115625 0.6111111109375 0.1171875 0.6046296296875
3 0.325 0.1490740734375 0.3260416671875 0.1425925921875 0.3244791671875 0.134259259375 0.3145833328125 0.125 0.3104166671875 0.125 0.303125 0.1351851859375 0.3015625 0.15092592656249998 0.3098958328125 0.165740740625 0.3145833328125 0.165740740625 0.325 0.1490740734375
3 0.43333333281249997 0.109259259375 0.43072916718750004 0.0916666671875 0.4234375 0.077777778125 0.41822916718750003 0.07962962968750001 0.41041666718750003 0.10092592656249999 0.41302083281249996 0.1268518515625 0.41875 0.12592592656249998 0.43177083281249995 0.11388888906250001 0.43333333281249997 0.109259259375
3 0.4369791671875 0 0.43541666718750005 0.0083333328125 0.4369791671875 0.028703703125 0.44635416718750004 0.0268518515625 0.4536458328125 0.0166666671875 0.45520833281249995 0.00648148125 0.4536458328125 0 0.4369791671875 0
3 0.5333333328125 0.22314814843750003 0.5442708328125 0.2203703703125 0.5479166671875 0.20833333281250002 0.5489583328125 0.19444444375 0.55 0.1740740734375 0.5484375 0.1620370375 0.5442708328125 0.15555555625 0.540625 0.15648148125 0.5333333328125 0.171296296875 0.5255208328125 0.175 0.5239583328124999 0.18055555625 0.521875 0.197222221875 0.5239583328124999 0.2009259265625 0.525 0.2138888890625 0.5333333328125 0.22314814843750003
3 0.5484375 0.0675925921875 0.5489583328125 0.053703703125 0.5432291671875 0.037037037499999995 0.5375 0.0379629625 0.5286458328125 0.048148148437499996 0.5270833328125 0.055555556250000006 0.528125 0.0648148140625 0.5359375 0.075 0.5484375 0.0675925921875
3 0.571875 0.12222222187500001 0.5739583328125 0.1148148140625 0.5713541671875 0.08518518593749999 0.5692708328125 0.0824074078125 0.5635416671875 0.08148148125 0.553125 0.09074074062500001 0.5489583328125 0.09074074062500001 0.5442708328125 0.10092592656249999 0.5432291671875 0.11944444375 0.5520833328125 0.1351851859375 0.5619791671875001 0.1351851859375 0.571875 0.12222222187500001
3 0.58125 0.28611111093749997 0.5916666671875 0.290740740625 0.6010416671875001 0.2824074078125 0.6046875 0.2703703703125 0.603125 0.24722222187499998 0.5963541671875 0.2379629625 0.590625 0.23518518593749999 0.5765625 0.23611111093749998 0.5666666671875 0.26203703749999996 0.5640625 0.26944444375 0.5640625 0.2824074078125 0.5723958328125 0.290740740625 0.58125 0.28611111093749997
3 0.640625 0.1888888890625 0.6421875 0.2 0.65 0.21851851875 0.665625 0.221296296875 0.6671875 0.21296296250000002 0.6744791671875 0.20555555625 0.678125 0.1759259265625 0.6838541671875 0.1583333328125 0.6828125 0.1425925921875 0.6760416671875 0.13055555624999998 0.6739583328125 0.11851851875 0.6625 0.109259259375 0.6520833328125 0.1111111109375 0.6421875 0.12592592656249998 0.6385416671875 0.13333333281249998 0.6385416671875 0.15 0.6432291671875 0.16944444375 0.640625 0.1888888890625
3 0.721875 0.22407407343750002 0.7328125 0.2259259265625 0.7432291671875 0.21203703749999997 0.7479166671875 0.21296296250000002 0.7515625 0.21851851875 0.7604166671875 0.197222221875 0.7645833328125 0.1666666671875 0.7630208328125 0.15 0.7520833328125 0.134259259375 0.7479166671875 0.134259259375 0.74375 0.12129629687500001 0.7328125 0.1074074078125 0.7307291671875 0.1074074078125 0.7244791671875 0.1203703703125 0.703125 0.1379629625 0.6994791671875 0.15 0.696875 0.1740740734375 0.709375 0.2018518515625 0.7130208328125 0.21574074062499998 0.721875 0.22407407343750002
3 0.6927083328125 0.1120370375 0.696875 0.10648148125000001 0.6979166671875 0.09351851875 0.6963541671875 0.0574074078125 0.684375 0.0490740734375 0.6692708328125 0.0629629625 0.6661458328125 0.06851851875000001 0.6578125 0.102777778125 0.6583333328125 0.10833333281249999 0.6770833328125 0.12129629687500001 0.6838541671875 0.11388888906250001 0.6927083328125 0.1120370375
3 0.7322916671875 0.102777778125 0.740625 0.0638888890625 0.73125 0.05 0.7213541671875 0.0509259265625 0.7109375 0.07685185156249999 0.6994791671875 0.09444444375 0.6989583328125 0.12407407343750002 0.7010416671875 0.13888888906250002 0.7197916671875 0.1231481484375 0.7322916671875 0.102777778125
3 0.8041666671875 0.10833333281249999 0.8104166671874999 0.10833333281249999 0.8161458328125001 0.102777778125 0.8213541671875 0.0638888890625 0.8260416671874999 0.05648148125 0.8348958328125 0.052777778124999994 0.828125 0.0509259265625 0.825 0.045370370312500005 0.825 0.0361111109375 0.8140625 0.004629629687499999 0.803125 0 0.7947916671875 0.003703703125 0.7916666671875 0.009259259374999999 0.7861109374999999 0.0320990734375 0.7807291671875001 0.04444444375 0.7802083328125 0.0638888890625 0.7822916671875 0.0759259265625 0.7989583328125 0.10648148125000001 0.8041666671875 0.10833333281249999
3 0.4578125 0.4240740734375 0.4609375 0.4129629625 0.4609375 0.403703703125 0.45104166718750005 0.3731481484375 0.44322916718750005 0.3731481484375 0.4348958328125 0.3796296296875 0.4270833328125 0.40092592656250003 0.4270833328125 0.4148148140625 0.43958333281249995 0.4379629625 0.44739583281249995 0.4370370375 0.4578125 0.4240740734375
3 0.40729166718750004 0.3490740734375 0.40416666718750005 0.340740740625 0.40052083281249995 0.33888888906250003 0.3875 0.3490740734375 0.3875 0.3601851859375 0.390625 0.3648148140625 0.40260416718750003 0.3611111109375 0.40729166718750004 0.3490740734375
3 0.2911458328125 0.6546296296875 0.2979166671875 0.6379629625 0.2947916671875 0.615740740625 0.2854166671875 0.6101851859375 0.2791666671875 0.6111111109375 0.2666666671875 0.634259259375 0.26614583281250004 0.64351851875 0.26875 0.652777778125 0.2828125 0.665740740625 0.2911458328125 0.6546296296875
3 0.4427083328125 0.597222221875 0.45104166718750005 0.58055555625 0.45416666718750004 0.56851851875 0.4515625 0.553703703125 0.45208333281249996 0.54351851875 0.44739583281249995 0.5370370375 0.42760416718750005 0.5351851859375001 0.4213541671875 0.547222221875 0.41875 0.5601851859375 0.41875 0.5768518515625 0.43177083281249995 0.6009259265625 0.4348958328125 0.6018518515625 0.4427083328125 0.597222221875
3 0.2682291671875 0.9148148140625001 0.2609375 0.896296296875 0.25625 0.8916666671875 0.25052083281250004 0.8925925921875001 0.24635416718749997 0.8953703703125001 0.246875 0.9083333328125001 0.24322916718749998 0.9231481484374999 0.24322916718749998 0.9416666671874999 0.2567708328125 0.9546296296874999 0.2630208328125 0.9472222218749999 0.2682291671875 0.9148148140625001
3 0.3932291671875 0.8240740734375 0.4057291671875 0.7981481484375 0.4057291671875 0.7759259265625 0.40208333281249997 0.7629629625 0.396875 0.75648148125 0.3791666671875 0.75648148125 0.3739583328125 0.7620370375000001 0.3661458328125 0.7796296296875 0.3651041671875 0.8027777781250001 0.3682291671875 0.8175925921875 0.3786458328125 0.827777778125 0.3932291671875 0.8240740734375
3 0.4375 0.7990740734374999 0.45104166718750005 0.7870370375 0.453125 0.775 0.46197916718750004 0.7546296296875 0.4625 0.747222221875 0.4546875 0.734259259375 0.4348958328125 0.7296296296875 0.4244791671875 0.7379629624999999 0.41875 0.75555555625 0.4171875 0.76944444375 0.41979166718750005 0.7824074078125001 0.4265625 0.79351851875 0.4375 0.7990740734374999
3 0.5369791671875 0.7601851859375001 0.5390625 0.753703703125 0.5520833328125 0.74444444375 0.55625 0.7324074078125 0.55625 0.7120370375 0.55 0.7018518515625 0.5380208328125 0.69351851875 0.5322916671875 0.6953703703125 0.5234375 0.7185185187500001 0.5213541671875 0.74351851875 0.5291666671875 0.7601851859375001 0.5328125 0.7629629625 0.5369791671875 0.7601851859375001
3 0.6109375 0.7083333328125 0.6088541671875001 0.702777778125 0.5911458328125 0.6861111109375 0.5869791671875 0.6879629625 0.584375 0.7 0.5791666671875 0.709259259375 0.5796875 0.7203703703125 0.5958333328125 0.7370370375 0.6083333328125 0.7203703703125 0.6109375 0.7083333328125
3 0.5973958328125 0.8138888890624999 0.5989583328125 0.7833333328125 0.5953125 0.7796296296875 0.5864583328124999 0.7796296296875 0.5723958328125 0.796296296875 0.5739583328125 0.8259259265625 0.5776041671875001 0.8296296296874999 0.5875 0.8268518515625001 0.5973958328125 0.8138888890624999
3 0.3229166671875 0.9351851859375 0.32760416718749996 0.9268518515625 0.3317708328125 0.909259259375 0.3291666671875 0.8796296296874999 0.3244791671875 0.8740740734375001 0.3177083328125 0.8740740734375001 0.3083333328125 0.8851851859375 0.3036458328125 0.9037037031249999 0.3026041671875 0.9268518515625 0.30625 0.9351851859375 0.31302083281250004 0.9388888890624999 0.3229166671875 0.9351851859375
3 0.321875 0.9851851859374999 0.3239583328125 0.972222221875 0.3234375 0.9546296296874999 0.31875 0.946296296875 0.31302083281250004 0.9490740734375 0.30625 0.9601851859374999 0.3026041671875 0.9740740734375001 0.3020833328125 0.9879629624999999 0.3098958328125 0.99444444375 0.3104166671875 0.9990740734375001 0.321875 0.9851851859374999
3 0.6859375 0.3916666671875 0.6942708328125 0.3851851859375 0.6994791671875 0.3740740734375 0.7046875 0.3740740734375 0.7072916671875 0.36944444375 0.7114583328124999 0.353703703125 0.7114583328124999 0.340740740625 0.7072916671875 0.31851851875000003 0.6927083328125 0.31944444375000003 0.6828125 0.32592592656249997 0.6723958328124999 0.3490740734375 0.6713541671875001 0.3574074078125 0.675 0.3768518515625 0.6802083328124999 0.3888888890625 0.6859375 0.3916666671875
3 0.7145833328125 0.3648148140625 0.7333333328125 0.3861111109375 0.7432291671875 0.384259259375 0.7505208328124999 0.3731481484375 0.7515625 0.352777778125 0.7494791671875001 0.3453703703125 0.74375 0.3425925921875 0.7385416671875 0.32685185156249996 0.7369791671875 0.3129629625 0.7390625 0.30648148124999997 0.7244791671875 0.2925925921875 0.715625 0.29722222187499997 0.7140625 0.3166666671875 0.7098958328125 0.3231481484375 0.7104166671875001 0.3490740734375 0.7145833328125 0.3648148140625
3 0.78125 0.29444444375 0.7875 0.2638888890625 0.7828125 0.23518518593749999 0.7796875 0.23055555625 0.7708333328125 0.23148148124999998 0.759375 0.2388888890625 0.7557291671875 0.24722222187499998 0.7541666671875 0.26203703749999996 0.7567708328125 0.2870370375 0.7713541671875 0.29722222187499997 0.78125 0.29444444375
3 0.8286458328125 0.43981481406249995 0.8385416671874999 0.43518518593750005 0.8484375 0.4 0.834375 0.3759259265625 0.8296875 0.375 0.8166666671874999 0.3861111109375 0.8114583328125 0.4074074078125 0.8109375 0.4175925921875 0.8145833328125001 0.43240740781250003 0.8182291671874999 0.4388888890625 0.8286458328125 0.43981481406249995
3 0.8494791671874999 0.3296296296875 0.8494791671874999 0.3120370375 0.840625 0.29444444375 0.8328125 0.290740740625 0.8234375 0.309259259375 0.8208333328125 0.3333333328125 0.8182291671874999 0.3379629625 0.8182291671874999 0.3611111109375 0.8302083328125001 0.36851851875 0.846875 0.340740740625 0.8494791671874999 0.3296296296875
3 0.8182291671874999 0.315740740625 0.8182291671874999 0.3101851859375 0.8260416671874999 0.2925925921875 0.8239583328125001 0.27870370312500004 0.815625 0.2666666671875 0.8026041671874999 0.272222221875 0.7859375 0.29814814843750004 0.7833333328125 0.309259259375 0.7828125 0.3231481484375 0.7864583328125 0.3296296296875 0.8052083328125 0.33148148125 0.8182291671874999 0.315740740625
3 0.8229166671874999 0.23518518593749999 0.8307291671874999 0.2398148140625 0.8369791671875 0.234259259375 0.8416666671874999 0.23518518593749999 0.853125 0.221296296875 0.8609375 0.22407407343750002 0.8671875 0.21851851875 0.8713541671874999 0.209259259375 0.8739583328125 0.2009259265625 0.8729166671874999 0.190740740625 0.8744791671875 0.1851851859375 0.8916666671875 0.1629629625 0.8947916671874999 0.15370370312499998 0.8916666671875 0.1416666671875 0.8916666671875 0.1175925921875 0.8875 0.10648148125000001 0.88125 0.1 0.8776041671874999 0.0824074078125 0.8744791671875 0.077777778125 0.8614583328125001 0.065740740625 0.853125 0.06944444375 0.8484375 0.0759259265625 0.8421875 0.097222221875 0.840625 0.12870370312499999 0.8208333328125 0.165740740625 0.8197916671875 0.1925925921875 0.821875 0.2138888890625 0.8203125 0.222222221875 0.8229166671874999 0.23518518593749999
3 0.965625 0.060185185937499996 0.9692708328125 0.053703703125 0.9708333328125001 0.0240740734375 0.9666666671874999 0.004629629687499999 0.9578125 0 0.9401041671874999 0.013888889062500001 0.9364583328125 0.0203703703125 0.9375 0.05648148125 0.94375 0.0648148140625 0.9578125 0.0648148140625 0.965625 0.060185185937499996
3 0.4322916671875 0.9546296296874999 0.4265625 0.9518518515625001 0.4171875 0.9583333328125001 0.4223958328125 0.9675925921875 0.42604166718750003 0.98148148125 0.42291666718750004 0.984259259375 0.42291666718750004 0.9898148140625 0.4583333328125 0.9990740734375001 0.9994791671875 0.9990740734375001 0.9994791671875 0.071296296875 0.9947916671874999 0.0675925921875 0.9859375 0.0675925921875 0.9755208328125 0.07962962968750001 0.9630208328125001 0.08518518593749999 0.9583333328125001 0.09444444375 0.9588541671874999 0.1231481484375 0.9546875 0.12592592656249998 0.9572916671874999 0.15 0.9546875 0.1620370375 0.9567708328125001 0.1629629625 0.9588541671874999 0.1740740734375 0.9619791671875 0.178703703125 0.9578125 0.1916666671875 0.9541666671875 0.190740740625 0.9401041671874999 0.2009259265625 0.9270833328125001 0.2046296296875 0.925 0.209259259375 0.9145833328125 0.2148148140625 0.9130208328125 0.2416666671875 0.9135416671875 0.24722222187499998 0.9166666671874999 0.2509259265625 0.9135416671875 0.259259259375 0.8963541671874999 0.252777778125 0.8932291671874999 0.25833333281250004 0.884375 0.259259259375 0.8786458328125001 0.2768518515625 0.8765625 0.29351851875 0.878125 0.29814814843750004 0.8765625 0.3018518515625 0.878125 0.30555555624999997 0.8770833328125001 0.31851851875000003 0.8791666671874999 0.3240740734375 0.878125 0.3333333328125 0.8817708328125 0.33703703749999997 0.8817708328125 0.35 0.8869791671874999 0.35555555625 0.8848958328125001 0.3648148140625 0.8890625 0.3740740734375 0.8947916671874999 0.3759259265625 0.8958333328125001 0.3796296296875 0.903125 0.378703703125 0.90625 0.3916666671875 0.9041666671874999 0.43148148124999997 0.8989583328125 0.440740740625 0.8932291671874999 0.4620370375 0.8901041671875 0.48425925937500003 0.8916666671875 0.502777778125 0.8885416671874999 0.5148148140625 0.8739583328125 0.5287037031249999 0.8552083328125001 0.5398148140625 0.8395833328125001 0.5703703703125 0.8348958328125 0.575 0.8291666671875 0.5740740734374999 0.821875 0.584259259375 0.8119791671875 0.6074074078125 0.8072916671874999 0.63055555625 0.7953125 0.6666666671875 0.7911458328125 0.6990740734374999 0.78125 0.7240740734375 0.7671875 0.7361111109375 0.7510416671875 0.7648148140625 0.7427083328124999 0.7703703703125 0.7380208328125 0.7787037031249999 0.728125 0.7833333328125 0.7229166671875 0.7916666671875 0.7161458328125 0.8129629625 0.7125 0.834259259375 0.7046875 0.8435185187500001 0.6953125 0.8453703703125001 0.6854166671875 0.852777778125 0.68125 0.871296296875 0.6765625 0.8768518515625001 0.6713541671875001 0.871296296875 0.6692708328125 0.85648148125 0.6630208328125 0.852777778125 0.65 0.85648148125 0.6557291671875001 0.8629629624999999 0.6557291671875001 0.872222221875 0.6463541671875 0.8759259265624999 0.64375 0.88148148125 0.634375 0.8870370375000001 0.6223958328125 0.9083333328125001 0.6119791671875 0.9416666671874999 0.6010416671875001 0.9546296296874999 0.5958333328125 0.9546296296874999 0.5911458328125 0.94351851875 0.5833333328125 0.9361111109375001 0.5723958328125 0.9351851859375 0.5604166671875 0.91944444375 0.55625 0.91851851875 0.5375 0.8981481484374999 0.51875 0.890740740625 0.5135416671875 0.884259259375 0.509375 0.8870370375000001 0.5046875 0.884259259375 0.49427083281249995 0.896296296875 0.4916666671875 0.8916666671875 0.478125 0.89351851875 0.4734375 0.890740740625 0.4625 0.9037037031249999 0.446875 0.9074074078125 0.44166666718750003 0.9037037031249999 0.4375 0.9055555562500001 0.434375 0.91944444375 0.4375 0.9259259265625 0.4369791671875 0.946296296875 0.4322916671875 0.9546296296874999
2 0.10625 0 0.0760416671875 0.0120370375 0.0674479171875 0.046759259375 0.0578125 0.060185185937499996 0.0515625 0.077777778125 0.0416666671875 0.08425925937499999 0.0401041671875 0.09074074062500001 0.0416666671875 0.0981481484375 0.0375 0.1074074078125 0.0338541671875 0.1120370375 0.0244791671875 0.1148148140625 0.0067708328125 0.1379629625 0 0.15370370312499998 0 0.328703703125 0.0041666671875 0.3324074078125 0.096875 0.3416666671875 0.1020833328125 0.33148148125 0.1145833328125 0.32592592656249997 0.11875 0.3166666671875 0.1291666671875 0.3101851859375 0.1307291671875 0.3046296296875 0.1375 0.30648148124999997 0.1421875 0.31851851875000003 0.14895833281249998 0.3129629625 0.1578125 0.31759259218749997 0.1677083328125 0.3138888890625 0.1734375 0.3166666671875 0.184375 0.30648148124999997 0.1895833328125 0.3101851859375 0.1984375 0.29814814843750004 0.20833333281250002 0.29907407343750003 0.221875 0.2824074078125 0.234375 0.25648148125 0.2520833328125 0.24722222187499998 0.2645833328125 0.23055555625 0.2671875 0.23333333281250002 0.2744791671875 0.221296296875 0.27291666718749996 0.20740740781250003 0.2828125 0.16944444375 0.2869791671875 0.11851851875 0.2697916671875 0.022222221875 0.2708333328125 0.0129629625 0.2682291671875 0.0111111109375 0.2671875 0.003703703125 0.2182291671875 0 0.10625 0
2 0 0 0 0.1324074078125 0.0026041671875 0.1324074078125 0.0026041671875 0.127777778125 0.0083333328125 0.1231481484375 0.034375 0.1074074078125 0.07083333281250001 0.0425925921875 0.0760416671875 0.0231481484375 0.0822916671875 0.0129629625 0.0802083328125 0 0 0
3 0.1510416671875 0.7324074078125 0.1520833328125 0.7203703703125 0.146875 0.7046296296875 0.1260416671875 0.7009259265625001 0.1145833328125 0.7203703703125 0.1109375 0.7333333328125 0.11041666718750001 0.7425925921875 0.1145833328125 0.74444444375 0.1427083328125 0.7379629624999999 0.1510416671875 0.7324074078125
2 0.1358333328125 0.6380009265625 0.1416666671875 0.66319351875 0.13916666718749998 0.685421296875 0.1341666671875 0.69283148125 0.155 0.7106138890625 0.1508333328125 0.729878703125 0.1433333328125 0.7624796296875 0.1558333328125 0.77878055625 0.21916666718750002 0.7743351859375001 0.3591666671875 0.7343240734375 0.4025 0.7209870375 0.29333333281249996 0.669121296875 0.2758333328125 0.66319351875 0.2733333328125 0.6231824078125 0.2816666671875 0.6113268515625 0.2983333328125 0.612809259375 0.3 0.6394833328125 0.2925 0.664675 0.4016666671875 0.7165416671875 0.4925 0.67653055625 0.5583333328125 0.6528203703125001 0.4658333328125 0.5920629625 0.4425 0.6039175921875 0.4308333328125 0.6068814812500001 0.41916666718749995 0.57724351875 0.4216666671875 0.5505694437499999 0.43166666718749996 0.5372324078124999 0.4525 0.5535333328125 0.4516666671875 0.5713166671875001 0.44666666718750003 0.597990740625 0.46749999999999997 0.5787259265625 0.4716666671875 0.5327870375 0.4225 0.5179685187499999 0.3791666671875 0.5490879625 0.343449325 0.55173451875 0.3541666671875 0.5224138890625001 0.3466666671875 0.4898120375 0.31416666718749997 0.48092129687499996 0.27 0.4853666671875 0.255 0.482402778125 0.2483333328125 0.46906574062499995 0.24500000000000002 0.44831944375 0.26749999999999996 0.43201851874999997 0.2791666671875 0.4438740734375 0.265 0.48092129687499996 0.2975 0.4646203703125 0.2941666671875 0.38904351875 0.2491666671875 0.3934898140625 0.2325 0.42460925937500005 0.2158333328125 0.411272221875 0.2116666671875 0.3786703703125 0.1135416671875 0.56148148125 0.1233333328125 0.583171296875 0.1233333328125 0.6098453703125 0.1116666671875 0.626146296875 0.1058333328125 0.6543018515625 0.1358333328125 0.6380009265625
2 0.3008333328125 0.3875620375 0.2991666671875 0.45572870312499997 0.27749999999999997 0.4898120375 0.3391666671875 0.482402778125 0.35 0.49129444375000003 0.3525 0.5357509265625 0.3983333328125 0.5357509265625 0.42416666718749996 0.5209324078125 0.4591666671875 0.5283416671875 0.4858333328125 0.5446425921875 0.485 0.5876166671874999 0.5258333328125 0.6291101859375 0.5599999999999999 0.6513379625 0.58 0.6824583328125 0.5816666671874999 0.6957953703124999 0.6066666671875 0.6883851859375001 0.6116666671875 0.700240740625 0.6174999999999999 0.728396296875 0.6075 0.73580555625 0.6183333328125 0.7639620375 0.6416666671875 0.7906361109375 0.6658333328125 0.8425018515625 0.6733333328125 0.8617666671875 0.6958333328124999 0.8439842593750001 0.7058333328125 0.82471944375 0.7224999999999999 0.7906361109375 0.7408333328125 0.7609981484375 0.7608333328125 0.7343240734375 0.7841666671875 0.7106138890625 0.7983333328125 0.664675 0.8166666671874999 0.6157731484375 0.8308333328125 0.5713166671875001 0.8408333328125 0.5446425921875 0.8541666671874999 0.5372324078124999 0.8758333328125 0.5150046296874999 0.8841666671875 0.4898120375 0.8925000000000001 0.4572111109375 0.8883333328124999 0.44535555625 0.8483333328124999 0.4438740734375 0.8275 0.44091018593750003 0.8141666671875001 0.43794629687500003 0.8083333328125001 0.411272221875 0.8033333328125 0.3979351859375 0.77 0.394971296875 0.7583333328124999 0.38311666718750004 0.7474999999999999 0.38904351875 0.7341666671875 0.394971296875 0.7283333328125 0.3875620375 0.7216666671875 0.3697796296875 0.7141666671875 0.3786703703125 0.6950000000000001 0.3934898140625 0.6866666671874999 0.3934898140625 0.6766666671875 0.381634259375 0.6675 0.3608879625 0.6766666671875 0.3327324078125 0.6675 0.322359259375 0.6008333328125001 0.28679351875000003 0.5675 0.2912388890625 0.5675 0.279384259375 0.5691666671875 0.267528703125 0.5425 0.23196388906249998 0.5316666671875 0.229 0.52 0.206771296875 0.5141666671875 0.20084351875 0.5208333328125 0.16824259218749998 0.5416666671875 0.1534231484375 0.5516666671875 0.193434259375 0.5483333328125 0.237890740625 0.5708333328124999 0.23492777812500001 0.5775 0.221590740625 0.5708333328124999 0.19788055625 0.5974999999999999 0.2023259265625 0.6041666671875 0.229 0.6083333328125 0.25863796250000004 0.6174999999999999 0.2838296296875 0.6691666671875 0.3060583328125 0.6841666671875 0.31643148125 0.7141666671875 0.30309444375 0.7258333328125001 0.279384259375 0.72 0.237890740625 0.7025 0.2156629625 0.6683333328125001 0.21714444375 0.6533333328125 0.22010833281250003 0.6433333328125 0.19936203749999998 0.6341666671875 0.16527870312499998 0.6291666671875 0.135640740625 0.5658333328125 0.134159259375 0.5566666671875 0.1371231484375 0.5466666671875 0.1252675921875 0.5291666671875 0.1178583328125 0.475 0.120822221875 0.43666666718749997 0.1237861109375 0.41916666718749995 0.1297129625 0.3883333328125 0.1326768515625 0.3708333328125 0.12823148125 0.3383333328125 0.1386046296875 0.3166666671875 0.148977778125 0.3025 0.1667601859375 0.45416666718750004 0.36829722187499997 0.49000000000000005 0.45572870312499997 0.4425 0.4423916671875 0.3133333328125 0.2956851859375 0.2875 0.3193953703125 0.24500000000000002 0.33125 0.2316666671875 0.338659259375 0.25166666718749997 0.3490324078125 0.2541666671875 0.37718888906250003 0.2641666671875 0.3875620375 0.3008333328125 0.3875620375
2 0.36666666718749996 0.33569537031249996 0.3791666671875 0.3727425921875 0.3966666671875 0.3920074078125 0.4066666671875 0.40534444374999995 0.4166666671875 0.40534444374999995 0.4258333328125 0.4008990734375 0.43583333281250003 0.3860796296875 0.44666666718750003 0.351996296875 0.4216666671875 0.3445870375 0.40833333281249995 0.3638518515625 0.3975 0.366815740625 0.3883333328125 0.3653333328125 0.3908333328125 0.3445870375 0.4033333328125 0.337177778125 0.4091666671875 0.3445870375 0.42000000000000004 0.3134675921875 0.42000000000000004 0.3119851859375 0.2991666671875 0.16231481406249998 0.3066666671875 0.22010833281250003 0.31 0.2645648140625 0.31416666718749997 0.3016120375 0.36666666718749996 0.33569537031249996
2 0.325 0.1371231484375 0.3416666671875 0.1297129625 0.375 0.120822221875 0.395 0.11933981406250001 0.40833333281249995 0.120822221875 0.4108333328125 0.0897018515625 0.4139791921875 0.08250931875 0.2677083328125 0.0059259265625 0.29333333281249996 0.1000759265625 0.2983333328125 0.15786944375 0.3025 0.1519416671875 0.30416666718749996 0.1267490734375 0.3175 0.1267490734375 0.325 0.1371231484375
2 0.5458333328125 0.092665740625 0.5366666671875 0.07043796249999999 0.5191666671874999 0.06895555625000001 0.485 0.046727778125 0.4566666671875 0.040799999999999996 0.44749999999999995 0.033390740625 0.43333333281249997 0.012643518749999999 0.4108333328125 0.0037527781250000004 0.2645833328125 0.007777778125 0.4925 0.1163759265625 0.5208333328125 0.1134120375 0.5416666671875 0.11193055625 0.5458333328125 0.092665740625
2 0.5275000000000001 0.0541370375 0.54 0.04228148125 0.5566666671875 0.024499073437499998 0.5233333328125 0.0022703703124999997 0.4883333328125 0 0.45583333281250005 0.0111620375 0.4458333328125 0.0318518515625 0.46749999999999997 0.0363546296875 0.5133333328125 0.0571009265625 0.5275000000000001 0.0541370375
2 0.5366666671875 0.06895555625000001 0.5458333328125 0.083703703125 0.5658333328125 0.0822925921875 0.5625 0.0659916671875 0.5366666671875 0.06895555625000001
2 0.595 0.1252675921875 0.6233333328125 0.1237861109375 0.6366666671875 0.1178583328125 0.655 0.1000759265625 0.6616666671875 0.07488333281250001 0.6741666671875 0.0452453703125 0.6916666671875 0.0363546296875 0.6991666671875 0.0659916671875 0.7075 0.077847221875 0.7291666671875 0.040799999999999996 0.7424999999999999 0.0511731484375 0.745 0.09118425937499999 0.7491666671874999 0.120822221875 0.7558333328125 0.1311953703125 0.77 0.14601388906249999 0.7725 0.17120648125 0.7633333328125 0.193434259375 0.7474999999999999 0.221590740625 0.7325 0.23196388906249998 0.7233333328125 0.25863796250000004 0.7333333328125 0.280865740625 0.7383333328125 0.2971666671875 0.745 0.3268046296875 0.7508333328125001 0.34310555625 0.7608333328125 0.366815740625 0.78 0.39052592656249996 0.8041666671875 0.4008990734375 0.8225 0.3920074078125 0.8283333328125 0.3579240734375 0.8041666671875 0.34310555625 0.7891666671875 0.3342138890625 0.7616666671875 0.30753981406249997 0.755 0.2897574078125 0.7541666671875 0.267528703125 0.7591666671875 0.24233703750000002 0.7716666671875 0.223072221875 0.7933333328125001 0.24381851875 0.795 0.26604722187499996 0.7933333328125001 0.2853120375 0.8041666671875 0.27197499999999997 0.8158333328125 0.2467824078125 0.82 0.237890740625 0.8233333328124999 0.20973518593749998 0.8216666671875 0.1830611109375 0.8275 0.15490555625 0.8216666671875 0.1030388890625 0.7983333328125 0.1030388890625 0.7816666671875 0.0674740734375 0.78 0.023017592187499998 0.7816666671875 0.014125926562499998 0.7566666671875 0 0.521875 0.0003703703125 0.5516666671875 0.0511731484375 0.58 0.079328703125 0.58 0.1089666671875 0.595 0.1252675921875
2 0.8483333328124999 0.34606944375 0.8391666671875001 0.374225 0.8474999999999999 0.40238055624999997 0.8525 0.40978981406250004 0.8466666671875 0.43350092656249994 0.8474999999999999 0.44831944375 0.8775000000000001 0.4586925921875 0.8916666671875 0.4586925921875 0.9 0.42312685156249996 0.9058333328125 0.3994166671875 0.8875 0.3697796296875 0.8825 0.3608879625 0.8758333328125 0.322359259375 0.8758333328125 0.294202778125 0.8766666671875001 0.26011944374999996 0.8916666671875 0.2467824078125 0.9075 0.24826481406249998 0.9116666671875 0.2453009265625 0.9166666671874999 0.21714444375 0.9241666671875001 0.2038074078125 0.9433333328125 0.1949166671875 0.9541666671875 0.17861574062500002 0.9516666671875 0.1311953703125 0.9525 0.0734018515625 0.9816666671875 0.06895555625000001 0.9908333328125 0.063028703125 0.9994791671875 0.023017592187499998 0.9991666671875 0.005234259375 0.9758333328125 0.0067166671875 0.9733333328124999 0.024499073437499998 0.9724999999999999 0.0378361109375 0.9675 0.060064814062500006 0.9525 0.0674740734375 0.9416666671874999 0.0541370375 0.9375 0.040799999999999996 0.945 0.0215351859375 0.9608333328124999 0.00968055625 0.8616666671875001 0 0.8099999999999999 0.0170898140625 0.8258333328124999 0.0496916671875 0.8308333328125 0.06451018593749999 0.8191666671875 0.08822037031249999 0.8150000000000001 0.1015574078125 0.8258333328124999 0.1178583328125 0.8300000000000001 0.1311953703125 0.8474999999999999 0.1178583328125 0.8525 0.09118425937499999 0.8666666671875 0.06451018593749999 0.8875 0.0822925921875 0.8941666671874999 0.1237861109375 0.8958333328125001 0.14601388906249999 0.89 0.1697240734375 0.8691666671875 0.20084351875 0.8616666671875001 0.221590740625 0.8433333328125 0.2408546296875 0.8283333328125 0.2467824078125 0.8208333328125 0.23555555625000002 0.8125 0.26011944374999996 0.8358333328124999 0.28679351875000003 0.8583333328125 0.2986481484375 0.8483333328124999 0.34606944375