3 0.3104694140625 0.8828894359374999 0.3130819078125 0.878107846875 0.3127365484375 0.8682180421875 0.3078916171875 0.8621334203125001 0.29194234375 0.856436571875 0.2725460984375 0.85815620625 0.2653795015625 0.8651814281249999 0.2685373015625 0.8760153234375 0.28372480312500004 0.8864291312500001 0.30319375625 0.8867915625 0.3104694140625 0.8828894359374999
3 0.1748080671875 0.9512072312500001 0.183063615625 0.9488343374999999 0.186274290625 0.9346511468750001 0.1757499484375 0.9251168 0.16078056875 0.9209491859375 0.151508771875 0.9207518125 0.1450857703125 0.9225395609374999 0.1396971890625 0.927418090625 0.1382281796875 0.9384135562499999 0.1486798109375 0.945865840625 0.1646109078125 0.9510421734375001 0.1748080671875 0.9512072312500001
3 0.12996600625000002 0.83447191875 0.11953254843750001 0.8275401515624999 0.09725115625 0.82623363125 0.0899936765625 0.8306562734374999 0.088397428125 0.838008128125 0.09512943593749999 0.845069153125 0.11115141718749999 0.852848065625 0.1185543125 0.85258955 0.1258299703125 0.8486874234374999 0.12996600625000002 0.83447191875
3 0.2216445703125 0.7536189624999999 0.21489438437500002 0.746037421875 0.20275561875 0.7433344125 0.19540725625 0.745154475 0.19020044375 0.755238165625 0.19324918124999999 0.7629489640625 0.20174102968750002 0.767342778125 0.21469609687500002 0.766890378125 0.22184451562500002 0.7593446390625 0.2216445703125 0.7536189624999999
3 0.049689196875 0.7377354421875 0.0438643734375 0.7301215875 0.03381263125 0.7341206578125 0.0367886609375 0.7397493921875 0.045153271875 0.7404995953125 0.049689196875 0.7377354421875
3 0.289594221875 0.736132734375 0.27850805625 0.7370410234375 0.2721759375 0.7414313515625001 0.27634998125 0.7548355124999999 0.28671073125 0.7596852140625 0.3006093359375 0.759721015625 0.3096811875 0.7541927109375 0.3045999578125 0.74134138125 0.289594221875 0.736132734375
3 0.388118825 0.7451997984375 0.3704642421875 0.7437317078125 0.3511952328125 0.749094953125 0.3495444546875 0.7548852593750001 0.3611032171875 0.7675103875 0.379646809375 0.7679051328125001 0.3924746375 0.76380911875 0.3966288484375 0.7501141312499999 0.388118825 0.7451997984375
3 0.57834679375 0.78024895625 0.584660734375 0.7753381109374999 0.5870914609375 0.7653513640625 0.58400636875 0.7565995328125 0.576403528125 0.751132371875 0.55219870625 0.7478084171875 0.5375019765625 0.7514485421875 0.52383966875 0.75817945 0.518760096875 0.771906753125 0.5244213281250001 0.7748359640625 0.5570816453125 0.7815127015625001 0.57834679375 0.78024895625
3 0.6652779343749999 0.8022284921875 0.6645161640625 0.8069454515625001 0.669252034375 0.8099069765625 0.6812635625000001 0.8089663734375 0.6839124109375 0.8052258171875 0.680065546875 0.801190946875 0.6689248515624999 0.8005376875 0.6652779343749999 0.8022284921875
3 0.6782825640625 0.723601740625 0.6729303359375 0.7295213031250001 0.6722792828124999 0.7639399921875001 0.6774150437500001 0.77835286875 0.691422709375 0.781511765625 0.7186762703125 0.7925465203125001 0.7557452765625 0.79281549375 0.7725108515625 0.79535693125 0.8058238796875001 0.794193615625 0.8194861859374999 0.7874627078125 0.8203553609374999 0.7592902125000001 0.8172157375 0.7489768328124999 0.807616759375 0.739410171875 0.7972923656249999 0.7356015015625 0.7758636265625001 0.732180603125 0.7461611625 0.73061208125 0.7283248125 0.7239388296875 0.7134099625 0.7213327625 0.6883888375 0.72116421875 0.6782825640625 0.723601740625
3 0.8988888515625 0.8326357796874999 0.886550140625 0.8242070921875 0.8577548625 0.822085740625 0.8458887484375 0.8271904718749999 0.843494375 0.8382182531250001 0.8493010234374999 0.8453115921875 0.8596799484375 0.850681809375 0.88279581875 0.8493534359374999 0.89640359375 0.8410609796875 0.8988888515625 0.8326357796874999
3 0.9781956640624999 0.795470371875 0.9789392578125 0.7902328953125 0.9693766328125 0.7817072671874999 0.9478933640625 0.7767248203125 0.939583284375 0.777536165625 0.9322894500000001 0.7809177765624999 0.9336510562500001 0.793377846875 0.9422156109375001 0.799853728125 0.9552979140625 0.8030449390625 0.970085528125 0.80200739375 0.9781956640624999 0.795470371875
3 0.6765871906250001 0.887302296875 0.68103223125 0.8819355640625 0.6808322859375 0.8762098890625 0.6722132000000001 0.868172459375 0.652689715625 0.8662484812500001 0.64445234375 0.869141890625 0.6430015109375 0.8806578734375 0.6478100875 0.8857014609375 0.659078021875 0.8899983328125 0.671125903125 0.8900987625000001 0.6765871906250001 0.887302296875
3 0.6462336718749999 0.9201524640625 0.6493352859375 0.9028461765625 0.6445267078125 0.8978025890625 0.637976465625 0.8959467234374999 0.6148424203125 0.8967545828124999 0.6021781828125 0.905535240625 0.6036670265625 0.9216389234375001 0.6093827875 0.9261296828125 0.617783753125 0.9279209171874999 0.635365628125 0.92730694375 0.6462336718749999 0.9201524640625
3 0.6111277625 0.9760992234374999 0.5956510875000001 0.9839357937500001 0.588666259375 0.9961661765625 0.658104753125 0.9947836328124999 0.6558177859375001 0.9823558765625 0.6372014874999999 0.9798790671875001 0.625008190625 0.9756145078125 0.6111277625 0.9760992234374999
2 0.8838751328125 0.44740424375 0.854982296875 0.46925923750000004 0.85231104375 0.47769093125 0.803380815625 0.47773192968749995 0.7836333265625 0.46424622656250003 0.7545351859375 0.43774559375 0.710075778125 0.4384643078125 0.6988972765625 0.45803302031250004 0.6680585359375 0.4666145046875 0.6398319578125 0.46509867343750005 0.6278973015625 0.4630139171875 0.5775437359375 0.464772303125 0.5511767390625 0.4740314703125 0.521614996875 0.4767314734375 0.543337475 0.5043235109374999 0.5989780328125 0.526561896875 0.6308928421875 0.5487949624999999 0.6699533 0.6057998328124999 0.7230961765624999 0.6414669 0.82580565625 0.6103634437500001 0.8694498171875 0.5863256421874999 0.9086222328125 0.561610153125 0.9465167250000001 0.54277618125 0.9101010890625 0.5190326046875 0.8954925265625 0.48285373125 0.8838751328125 0.44740424375
2 0.6083172859375 0.3269476953125 0.60152328125 0.34469561406250004 0.6364001734375 0.36682524375000003 0.6973532328125 0.3713674453125 0.7268841687500001 0.32530877187499996 0.7749419078125 0.300283003125 0.838449890625 0.2930622078125 0.8550026328125 0.29998874531249997 0.80955533125 0.2723913546875 0.770932840625 0.27040471718750003 0.7110558499999999 0.296677065625 0.6687759359375 0.3173318609375 0.6393023671875 0.32253030781250003 0.6083172859375 0.3269476953125
2 0.28964142187499997 0.28804562499999997 0.307994653125 0.3040815421875 0.3391833140625 0.30549393281250004 0.3568649921875 0.259849046875 0.3441450953125 0.235277996875 0.34330169062500004 0.21112605 0.3076122015625 0.20820314999999998 0.251479884375 0.2143325390625 0.2471826359375 0.218651809375 0.2676281140625 0.25212533125 0.28964142187499997 0.28804562499999997
2 0.5301741890625 0 0.53076663125 0.016965340625 0.53369963125 0.016029078125 0.58605991875 0.071735665625 0.6173666375 0.1190052046875 0.6326714625000001 0.13264605000000002 0.6729771875 0.14041079843749998 0.6979799359375 0.13453463593749998 0.692752034375 0.1122034828125 0.6609526328124999 0.09330175156250001 0.6450961562499999 0.0638371859375 0.61019018125 0.040874731250000004 0.5811792890625 0.016872575 0.5722557515625 0 0.5301741890625 0
2 1 0.7904512140625 0.98486150625 0.7915895390625 0.9542263468750001 0.806000803125 0.9302979421875 0.8001656718750001 0.915081290625 0.7890232703125 0.91513945625 0.790688921875 0.9057957046875 0.790154275 0.8958863765625 0.7913612546875 0.820181065625 0.78900189375 0.8059823156249999 0.8070083921875 0.76570475 0.8000765031249999 0.7269086875 0.793092878125 0.6806487890625 0.7847022140625 0.6576483859375 0.762991690625 0.6474269734375 0.7675178375 0.61658823125 0.7760993218750001 0.6018369046875 0.7782821328125 0.5501181671875 0.7834235546875 0.5248255140625 0.7809714296875 0.5082436890625 0.773212065625 0.49650915624999997 0.7616742546874999 0.469214290625 0.759565859375 0.4469998015625 0.76034160625 0.4336708890625 0.7608070625 0.406809484375 0.7559081937500001 0.3965589859375 0.7596015140625 0.3821557296875 0.771778265625 0.35387191093750003 0.7685967515625001 0.3449274953125 0.767241415625 0.326865090625 0.7595337546875001 0.3165564265625 0.761561425 0.2898404375 0.760826684375 0.2688450328125 0.7540552890625001 0.2319948765625 0.760345171875 0.2233122078125 0.7664852671875 0.1920953875 0.7642400171875 0.1784379015625 0.7436952125 0.16707142656250001 0.74264413125 0.0740793578125 0.7391767828125 0.053316615624999994 0.7390679921875 0.0416727875 0.7453114937499999 0.0281112109375 0.7391143437500001 0.013136693750000001 0.73839481875 0.014898631249999999 0.7429111015625 0.0088549625 0.7623005015625 0.01362508125 0.8338442765625 0.013890989062500001 0.8414588828125 0.011617840625 0.8414189421874999 0.0161572 0.9488083218750001 0.015369535937500001 0.94885345625 0.0171556125 1 0.5087275375 1 0.5250404921875 0.9994303390624999 0.5811428015625 0.9924681546875 0.5866016421875 0.97893606875 0.611400809375 0.967230125 0.6220847828125 0.9583559562499999 0.629375965625 0.9724393078125001 0.6517074593750001 0.9749948406250001 0.6612907734375 0.9946723734375 1 0.9828443874999999 1 0.8969424531250001 0.9988927828125 0.8961635578125 0.98550570625 0.8949633640625001 0.9835888828125 0.88252268125 1 0.8760404625 1 0.7904512140625
2 1 0.762653415625 0.99240994375 0.7529692421874999 0.9042174015625 0.7327014390625 0.8308925171875 0.7135821265625 0.774063134375 0.69972366875 0.7131391578125 0.696014290625 0.673850409375 0.717398475 0.609064503125 0.7305007859375 0.532314859375 0.7406855140624999 0.4041946703125 0.7234796953125 0.242938990625 0.691588009375 0.19801518125 0.67898148125 0.13642229687500002 0.6561171140625001 0.0947213921875 0.6509026125 0.0679481609375 0.6485021875 0.036381421875 0.6362630625000001 0.03426101875 0.6179926015625 0.0666685125 0.6118578593749999 0.09901691562500001 0.604057496875 0.09256925625 0.5892735109375 0.080140190625 0.5730307171875 0.06416738125 0.5402348484374999 0.0224083125 0.5333546953125 0.012564975 0.548707575 0.002892303125 0.58093978125 0.0075171484375 0.7239905203125 0.0128728171875 0.7377184359375 0.023580376562499998 0.7367710390625 0.0276749671875 0.7266219578124999 0.0482341296875 0.72090096875 0.0619992859375 0.7329278984375 0.16707142656250001 0.74264413125 0.17801031875 0.74305200625 0.1784379015625 0.7436952125 0.192907984375 0.7450332921875 0.22293412968749998 0.7556585328125001 0.256852209375 0.75030488125 0.2729096171875 0.7430734140624999 0.2875455375 0.73755926875 0.3038365328125 0.736990375 0.3085991078125 0.745996315625 0.31780526875000004 0.7548470828125 0.34756966718750004 0.75797689375 0.35317392187499996 0.748608934375 0.3811378265625 0.742629365625 0.4051834890625 0.75179576875 0.4171763125 0.7555461765625 0.469214290625 0.759565859375 0.476619709375 0.75930725625 0.4959591125 0.7611334328125 0.49650915624999997 0.7616742546874999 0.498950278125 0.761862821875 0.509288025 0.7606679765625 0.5150086109374999 0.754631321875 0.5312123578125 0.75156395 0.5532821046875 0.7466240515625 0.56661101875 0.7461585953125 0.586066753125 0.7513160765625 0.5954764953125 0.7659966234375 0.60151699375 0.7691210500000001 0.6664473875 0.7601828984375001 0.6627873140625 0.7402985203125 0.68581415 0.7203160578125 0.7109623125 0.7186040218749999 0.7659330390625 0.72168745 0.7986895281249999 0.725546615625 0.8170427609375001 0.7415825328125 0.8155929890625 0.7849929062500001 0.9057957046875 0.790154275 0.915081290625 0.7890232703125 0.9147613781249999 0.7798621890625 0.9323875375 0.7750774625 0.97931369375 0.7600973046874999 0.9847160921875 0.7874254109375001 1 0.787552625 1 0.762653415625
3 0.5061962375 0 0 0.017676762500000002 0 0.5087275140624999 0.002085915625 0.5684603218750001 0.0170367203125 0.5493852593749999 0.0267346421875 0.52986825 0.0533343015625 0.5272716890625 0.074621459375 0.5423713078125 0.0840884421875 0.558717540625 0.11185141875 0.5894340031249999 0.06980416874999999 0.6167514062499999 0.055663584375 0.63642355625 0.061849496875 0.6437121109375 0.125590140625 0.643153921875 0.1631673703125 0.6576846796875 0.208265678125 0.6752881625 0.2712809734375 0.696435175 0.32494561875 0.704567259375 0.42791949531249995 0.723485046875 0.5155012953125 0.7262635140625 0.5600470265624999 0.72804330625 0.586821184375 0.730443696875 0.6324985 0.72217788125 0.664527915625 0.705216403125 0.702452415625 0.6872152265625 0.8023469515625001 0.70290518125 0.7869931828125 0.6930153921875 0.854559175 0.711921828125 0.9395288125000001 0.72479760625 1 0.750567525 1 0.5178036875 0.9925463078125001 0.30435786875000004 0.9633762562499999 0.3037088265625 0.9095079828125 0.297053534375 0.992459059375 0.3018593921875 0.981917896875 0 0.579021209375 0 0.59328844375 0.0239542859375 0.6161434296875 0.0415006796875 0.660109228125 0.06914980625 0.6906597890625 0.09476587812500001 0.693624521875 0.137188253125 0.6729190218750001 0.138745146875 0.6394408203124999 0.142204465625 0.6250912953125 0.1279077078125 0.606272734375 0.0985465796875 0.5801075953125 0.07110968437500001 0.544590878125 0.030657890625 0.5334486078125 0 0.5061962375 0
3 0.9087923578125 0.48155545 0.8991790343750001 0.46104512187499996 0.8895666359375 0.4405347625 0.8792579734375 0.44256243125 0.8561729734375 0.46087924375 0.8059648203125 0.4668017578125 0.7954516515625001 0.4629996796875 0.77416541875 0.44790002656250005 0.7529664328125001 0.43529885156250003 0.7158254484375 0.43326047812499996 0.6995926171875 0.4354950234375 0.6856846953125 0.461829778125 0.6470331234375 0.45901031562499994 0.6010068125 0.45728222343749997 0.5360754937500001 0.46622040625 0.5185074984375 0.47267078281249997 0.51127725 0.477926315625 0.570722371875 0.5242132421875 0.6250559234375 0.5515003171874999 0.655606484375 0.5771163890625 0.6894962828125 0.6134557890625 0.7081121875 0.6369871046875 0.7262327578125001 0.6463604171874999 0.749938409375 0.66146321875 0.7396489171875 0.6483934375 0.76131150625 0.6317939781249999 0.8346046578124999 0.607554653125 0.873979728125 0.5886689781250001 0.9204996484375 0.562029228125 0.956535484375 0.5324202234375 0.9234009171875 0.5177343249999999 0.9087923578125 0.48155545
3 0.281945846875 0.279975946875 0.305265234375 0.3108475859375 0.32356122656249997 0.32521781875 0.3636325625 0.283794115625 0.377424153125 0.25412805625 0.3720217546875 0.22679995000000003 0.4011763359375 0.2124403890625 0.4746439859375 0.19319801718750002 0.538054203125 0.1713478390625 0.4700849921875 0.19002185625 0.36717193125 0.21529553125 0.36020077968750003 0.1855206828125 0.28902630625 0.1855046265625 0.2743622296875 0.19018591406250002 0.23356289375 0.2107890078125 0.2301672171875 0.24092587499999998 0.281945846875 0.279975946875