3 0.1385416671875 0.3 0.1447916671875 0.2953703703125 0.1510416671875 0.2796296296875 0.15 0.2601851859375 0.1432291671875 0.252777778125 0.13229166718750002 0.25555555625 0.1213541671875 0.2703703703125 0.1203125 0.2898148140625 0.12395833281249999 0.29722222187499997 0.1286458328125 0.3 0.1385416671875 0.3
3 0.08645833281250001 0.1611111109375 0.09114583281250001 0.146296296875 0.0916666671875 0.13703703750000001 0.0901041671875 0.13055555624999998 0.08541666718749999 0.125 0.0744791671875 0.1231481484375 0.0666666671875 0.13333333281249998 0.0609375 0.1490740734375 0.060416667187499995 0.15925925937500002 0.0625 0.1675925921875 0.0765625 0.171296296875 0.08645833281250001 0.1611111109375
3 0.1859375 0.10833333281249999 0.18802083281249998 0.0861111109375 0.1838541671875 0.078703703125 0.1765625 0.07685185156249999 0.1692708328125 0.08333333281250001 0.1609375 0.0990740734375 0.1609375 0.10648148125000001 0.16458333281249998 0.11388888906250001 0.1786458328125 0.11851851875 0.1859375 0.10833333281249999
3 0.2640625 0.20648148125 0.2671875 0.19444444375 0.265625 0.1870370375 0.2557291671875 0.18148148125000002 0.2479166671875 0.184259259375 0.24322916718749998 0.1925925921875 0.24322916718749998 0.20555555625 0.25052083281250004 0.21296296250000002 0.25625 0.21296296250000002 0.2640625 0.20648148125
3 0.2822916671875 0.0259259265625 0.2765625 0.028703703125 0.2755208328125 0.037037037499999995 0.278125 0.0416666671875 0.2859375 0.0361111109375 0.2822916671875 0.0259259265625
3 0.2713541671875 0.28148148125 0.2708333328125 0.2703703703125 0.2666666671875 0.2638888890625 0.253125 0.2675925921875 0.2479166671875 0.27777777812500004 0.24739583281250002 0.2916666671875 0.2526041671875 0.3009259265625 0.265625 0.296296296875 0.2713541671875 0.28148148125
3 0.2588541671875 0.3796296296875 0.2609375 0.3620370375 0.25625 0.3425925921875 0.25052083281250004 0.340740740625 0.2375 0.3518518515625 0.2364583328125 0.3703703703125 0.2401041671875 0.38333333281250004 0.2536458328125 0.3879629625 0.2588541671875 0.3796296296875
3 0.240625 0.575 0.24635416718749997 0.5675925921875 0.25052083281250004 0.54351851875 0.24739583281250002 0.5287037031249999 0.24114583281250002 0.5148148140625 0.22760416718749998 0.509259259375 0.2244791671875 0.5148148140625 0.2166666671875 0.547222221875 0.2171875 0.56851851875 0.221875 0.575 0.23177083281250002 0.577777778125 0.240625 0.575
3 0.19375 0.6583333328125 0.1921875 0.6546296296875 0.1875 0.6537037031249999 0.184375 0.6583333328125 0.1848958328125 0.6703703703125 0.1885416671875 0.6731481484375 0.1927083328125 0.66944444375 0.19375 0.6583333328125
3 0.2401041671875 0.8083333328125001 0.25 0.7990740734374999 0.2541666671875 0.7888888890625 0.25833333281250004 0.7675925921875 0.2609375 0.7379629624999999 0.2682291671875 0.7203703703125 0.2713541671875 0.70555555625 0.2723958328125 0.6805555562500001 0.2703125 0.6703703703125 0.2645833328125 0.6648148140625 0.23020833281250003 0.6629629625 0.215625 0.6675925921875 0.21197916718749998 0.68148148125 0.2 0.7083333328125 0.1984375 0.7453703703125 0.1953125 0.7620370375000001 0.1953125 0.7953703703125 0.2015625 0.809259259375 0.2296875 0.8111111109375001 0.2401041671875 0.8083333328125001
3 0.1625 0.875 0.165625 0.8462962968750001 0.1609375 0.834259259375 0.15 0.83148148125 0.1427083328125 0.8370370375 0.1369791671875 0.847222221875 0.1375 0.8703703703125001 0.1453125 0.884259259375 0.1536458328125 0.8870370375000001 0.1625 0.875
3 0.20208333281250002 0.959259259375 0.2078125 0.9379629625 0.20729166718749997 0.9296296296875 0.20416666718749998 0.922222221875 0.1916666671875 0.9231481484374999 0.1848958328125 0.93148148125 0.18125 0.9444444437499999 0.1817708328125 0.959259259375 0.18802083281249998 0.9675925921875 0.1932291671875 0.9685185187500001 0.20208333281250002 0.959259259375
3 0.08854166718749999 0.98148148125 0.0848958328125 0.9851851859374999 0.08541666718749999 0.9990740734375001 0.0916666671875 0.9990740734375001 0.0947916671875 0.9861111109375 0.08854166718749999 0.98148148125
3 0.1177083328125 0.6675925921875 0.1260416671875 0.659259259375 0.1286458328125 0.6398148140625 0.1260416671875 0.63148148125 0.1145833328125 0.6296296296875 0.109375 0.634259259375 0.1046875 0.6453703703125 0.1041666671875 0.6574074078125001 0.1067708328125 0.6629629625 0.1119791671875 0.6675925921875 0.1177083328125 0.6675925921875
3 0.0973958328125 0.63055555625 0.0994791671875 0.6240740734375 0.0994791671875 0.6009259265625 0.09114583281250001 0.5879629625 0.075 0.5888888890625 0.0703125 0.5944444437499999 0.0682291671875 0.602777778125 0.0682291671875 0.6203703703125 0.075 0.63148148125 0.0921875 0.6351851859375001 0.0973958328125 0.63055555625
3 0.0203125 0.6083333328125 0.0203125 0.5944444437499999 0.013020832812499999 0.578703703125 0.0010416671875 0.571296296875 0 0.640740740625 0.0125 0.6388888890625 0.015625 0.6203703703125 0.0203125 0.6083333328125
2 0.3883333328125 0.6661574078125 0.3508333328125 0.7180231484374999 0.3783333328125 0.82175555625 0.40083333281250005 0.8662120375000001 0.42416666718749996 0.9062231484375 0.44166666718750003 0.9447518515625 0.46666666718750005 0.9091870375 0.5033333328125 0.89585 0.5391666671875 0.8854768515625 0.5183333328125 0.8558388890625 0.51 0.852875 0.5116666671875 0.8039731484375 0.5258333328125 0.7847083328125 0.5533333328125 0.756552778125 0.5541666671875001 0.7120953703125 0.5349999999999999 0.700240740625 0.5275000000000001 0.669121296875 0.53 0.6409648140625 0.5325 0.6291101859375 0.5325 0.5787259265625 0.5241666671874999 0.5520518515624999 0.5225 0.5224138890625001 0.49416666718749996 0.5431601859375 0.47000000000000003 0.597990740625 0.44666666718750003 0.6291101859375 0.3883333328125 0.6661574078125
2 0.6900000000000001 0.78174444375 0.6950000000000001 0.845465740625 0.6875 0.8617666671875 0.7166666671875 0.8173101859375 0.72 0.77878055625 0.6958333328124999 0.7180231484374999 0.6766666671875 0.6750481484375 0.6725 0.6454111109375 0.6691666671875 0.614290740625 0.6516666671875 0.6068814812500001 0.6283333328125 0.6409648140625 0.6216666671875 0.701722221875 0.6666666671875 0.7328425921874999 0.6900000000000001 0.78174444375
2 0.7 0.34606944375 0.745 0.3653333328125 0.77 0.353478703125 0.7941666671875 0.353478703125 0.7983333328125 0.3179129625 0.7941666671875 0.2616009265625 0.79 0.25715555625 0.7558333328125 0.2764203703125 0.7191666671875 0.2971666671875 0.7025 0.3149490734375 0.7 0.34606944375
2 0.8533333328125 0.685421296875 0.8583333328125 0.7106138890625 0.8808333328125 0.70616851875 0.9008333328125 0.6750481484375 0.9308333328125 0.6602296296875 0.9550000000000001 0.626146296875 0.9800000000000001 0.597990740625 0.9983333328124999 0.5890990734375 0.9994791671875 0.5757620375 0.9994791671875 0.54760555625 0.9816666671875 0.54760555625 0.9824999999999999 0.5505694437499999 0.925 0.600953703125 0.8766666671875001 0.6305916671875 0.8625 0.6454111109375 0.8533333328125 0.685421296875
2 0 0 0 0.012643518749999999 0 0.5075953703125 0.005 0.56390648125 0.0183333328125 0.569834259375 0.029166667187500002 0.5950268515625 0.0376625640625 0.6060140203125 0.0233333328125 0.612809259375 0.02 0.6350379625 0 0.6439287031250001 0 0.9990740734375001 0.0125 0.989209259375 0.034999999999999996 0.9936546296875 0.0758333328125 0.9990740734375001 0.0866666671875 0.9847629625 0.0883333328125 0.9714259265624999 0.1008333328125 0.96994444375 0.1108333328125 0.9981 0.1875 0.9990740734375001 0.1925 0.9951361109375 0.1916666671875 0.9743898140624999 0.1783333328125 0.9432703703125 0.185 0.9195601859375 0.1966666671875 0.9047416671875 0.195 0.9047416671875 0.1958604125 0.8954222671875 0.195 0.8854768515625 0.2 0.8099000000000001 0.1825 0.79508148125 0.19083333281249998 0.7550703703125 0.1991666671875 0.7165416671875 0.20916666718750002 0.670602778125 0.2316666671875 0.6483740734375 0.22749999999999998 0.6380009265625 0.22000000000000003 0.6068814812500001 0.21833333281249998 0.5920629625 0.215 0.540196296875 0.21833333281249998 0.5150046296874999 0.2266666671875 0.498703703125 0.23860697812499998 0.48737898281250003 0.2416666671875 0.4601743265625 0.2416666671875 0.43794629687500003 0.2416666671875 0.42460925937500005 0.2475 0.3979351859375 0.24416666718750002 0.3875620375 0.2325 0.3727425921875 0.2366666671875 0.3445870375 0.2383333328125 0.33569537031249996 0.24666666718750002 0.3179129625 0.24500000000000002 0.30753981406249997 0.24666666718750002 0.280865740625 0.2541666671875 0.26011944374999996 0.2491666671875 0.223072221875 0.24333333281249997 0.21418055625000001 0.24666666718750002 0.1830611109375 0.26767559531249996 0.17012894843749998 0.2691227203125 0.1588060796875 0.2758333328125 0.0659916671875 0.2766666671875 0.0452453703125 0.2708333328125 0.033390740625 0.27749999999999997 0.020053703125 0.27874168906249996 0.005113418749999999 0.2741666671875 0.0067166671875 0.255 0 0.1833333328125 0.0022703703124999997 0.175714084375 0.0022703703124999997 0.1758333328125 0 0.06835095 0.000788759375 0.06833333281250001 0 0 0
2 0.195 0.9936546296875 0.20833333281250002 0.9990740734375001 0.22999999999999998 0.98328148125 0.2533333328125 0.89585 0.275 0.8232370375 0.2908333328125 0.7669259265624999 0.2966666671875 0.70616851875 0.2766666671875 0.6661574078125 0.2658333328125 0.600953703125 0.25833333281250004 0.5238953703125 0.27999999999999997 0.396453703125 0.3175 0.236409259375 0.33166666718750004 0.191952778125 0.3566666671875 0.1311953703125 0.3633333328125 0.0897018515625 0.36666666718749996 0.063028703125 0.38 0.0319083328125 0.3983333328125 0.030426851562500003 0.4033333328125 0.063028703125 0.41 0.0956296296875 0.425 0.0897018515625 0.44166666718750003 0.077847221875 0.475 0.063028703125 0.48333333281249996 0.0215351859375 0.4683333328125 0.0111620375 0.43645833281249996 0.0003703703125 0.29333333281249996 0 0.27942686875 0.0048733078125 0.27999999999999997 0.015607407812499998 0.29 0.020053703125 0.29500000000000004 0.040799999999999996 0.28250000000000003 0.0541370375 0.2691227203125 0.1588060796875 0.2683333328125 0.1697240734375 0.26767559531249996 0.17012894843749998 0.2658333328125 0.18454351875 0.2541666671875 0.21418055625000001 0.25833333281250004 0.24826481406249998 0.265 0.2645648140625 0.27 0.279384259375 0.27 0.2956851859375 0.2608333328125 0.30013055624999996 0.25166666718749997 0.309022221875 0.2475 0.338659259375 0.25666666718750003 0.3445870375 0.2616666671875 0.3727425921875 0.25166666718749997 0.396453703125 0.2475 0.4083083328125 0.2416666671875 0.4601743265625 0.2416666671875 0.467584259375 0.2391666671875 0.48684814843749996 0.23860697812499998 0.48737898281250003 0.2383333328125 0.4898120375 0.2391666671875 0.5001851859374999 0.24500000000000002 0.5061129625 0.2475 0.5224138890625001 0.25166666718749997 0.5446425921875 0.25166666718749997 0.5579796296875 0.24583333281250003 0.57724351875 0.2308333328125 0.5861351859374999 0.22749999999999998 0.5920629625 0.2341666671875 0.657265740625 0.2541666671875 0.6543018515625 0.2733333328125 0.6780120375 0.2741666671875 0.7032046296875001 0.26916666718750004 0.758034259375 0.2641666671875 0.7906361109375 0.2475 0.8084185187499999 0.20416666718749998 0.8054546296874999 0.1958604125 0.8954222671875 0.1966666671875 0.9047416671875 0.2058333328125 0.9047416671875 0.21000000000000002 0.9225240734375 0.2233333328125 0.96994444375 0.19583333281249998 0.9743898140624999 0.195 0.9936546296875
3 0.44895833281249997 0 0.46749999999999997 0.015607407812499998 0.48666666718749996 0.02598055625 0.4883333328125 0.052654629687499996 0.4725 0.0734018515625 0.45583333281250005 0.0822925921875 0.42416666718749996 0.1089666671875 0.3983333328125 0.0659916671875 0.3791666671875 0.0511731484375 0.3716666671875 0.0571009265625 0.37 0.120822221875 0.3541666671875 0.15786944375 0.335 0.2023259265625 0.3116666671875 0.2645648140625 0.3016666671875 0.3179129625 0.2791666671875 0.4201638890625 0.2733333328125 0.5075953703125 0.27 0.5520518515624999 0.2666666671875 0.5787259265625 0.2733333328125 0.6246638890625 0.2891666671875 0.657265740625 0.30583333281249997 0.6957953703124999 0.2866666671875 0.79508148125 0.2970862703125 0.7800822140625 0.2758333328125 0.8469472218749999 0.26 0.9314157406250001 0.22833333281249998 0.9990740734375001 0.6783333328125 0.9990740734375001 0.6799999999999999 0.96994444375 0.6885312140625001 0.9163412515625 0.6808333328125 0.9990740734375001 0.9994791671875 0.9990740734375001 0.9994791671875 0.9773537031249999 0.9994791671875 0.7995268515625 0.9994791671875 0.5950268515625 0.9724999999999999 0.6098453703125 0.9541666671875 0.6320740734375 0.925 0.6750481484375 0.8983333328124999 0.7046861109375 0.8558333328125001 0.70616851875 0.8550000000000001 0.685421296875 0.8527111609375 0.6518427609375 0.8675 0.6380009265625 0.8975 0.62021851875 0.9258333328124999 0.5950268515625 0.9675 0.56094351875 0.9994791671875 0.5505694437499999 0.9994791671875 0 0.44895833281249997 0
3 0.329912415625 0.74415116875 0.3433333328125 0.7343240734375 0.3591666671875 0.756552778125 0.3808333328125 0.8306472218750001 0.3983333328125 0.8706574078125 0.4233333328125 0.9180787031250001 0.4516666671875 0.9551259265625 0.46749999999999997 0.9225240734375 0.5041666671875 0.9091870375 0.525 0.9002953703125 0.5458333328125 0.8914046296875 0.5441666671875 0.88103148125 0.5266666671875 0.8573212968749999 0.5225 0.8069370375 0.5266666671875 0.7965629625 0.5425 0.7758166671875 0.5558333328125 0.7550703703125 0.5591666671875 0.7180231484374999 0.5575 0.701722221875 0.5316666671875 0.686903703125 0.5358333328125 0.6483740734375 0.5391666671875 0.6024361109374999 0.5325 0.5372324078124999 0.5266666671875 0.51945 0.5216666671875 0.512040740625 0.4733333328125 0.569834259375 0.4441666671875 0.6231824078125 0.4175 0.6528203703125001 0.38 0.685421296875 0.35583333281249996 0.7032046296875001 0.3458333328125 0.7209870375 0.329912415625 0.74415116875
3 0.8271238828125 0.5495008171875 0.8108333328124999 0.48092129687499996 0.7891666671875 0.37718888906250003 0.8191666671875 0.3712611109375 0.8216666671875 0.30013055624999996 0.8175000000000001 0.2853120375 0.7983333328125 0.24381851875 0.7683333328125 0.2393731484375 0.7275 0.2897574078125 0.6958333328124999 0.3119851859375 0.6808333328125 0.32976851875 0.7208333328125 0.3712611109375 0.75 0.3860796296875 0.7775000000000001 0.381634259375 0.7908333328125 0.411272221875 0.8074999999999999 0.4853666671875 0.8271238828125 0.5495008171875