3 0.6414553703125 0.096866596875 0.639445078125 0.1019309265625 0.6409931265625 0.1117049265625 0.6465434734375 0.1171537453125 0.6630681359375 0.1208644015625 0.6821102328124999 0.116793778125 0.6883672515625 0.1089475328125 0.6839126703125 0.09857923125 0.66756925 0.0900939375 0.648201246875 0.0921068765625 0.6414553703125 0.096866596875
3 0.7677796734375 0.012525071874999998 0.7598748421875 0.0158863765625 0.758416596875 0.0303551296875 0.770024434375 0.038535815625 0.785390140625 0.04084805625 0.7946168796874999 0.0399140109375 0.800774134375 0.037356821875 0.80552800625 0.0318579515625 0.80564605625 0.0207654171875 0.7943641234375 0.014642415624999999 0.7779209390624999 0.011446178125000001 0.7677796734375 0.012525071874999998
3 0.82651394375 0.122925384375 0.8377144015625 0.128533965625 0.8599889359375 0.1271153265625 0.8666533359375 0.1218411859375 0.8673417203125 0.1143495984375 0.8597993687500001 0.10816163125 0.8429488015625 0.1023932890625 0.8356325921875 0.1035520625 0.8288867156249999 0.10831178281250001 0.82651394375 0.122925384375
3 0.745372234375 0.21434848125 0.7529960625000001 0.22105087031249998 0.7653737609375 0.22225438749999998 0.7724455406249999 0.21955235156250003 0.77638465 0.208909271875 0.7724189265625 0.20162749687499998 0.7634549046875 0.198301328125 0.7506515359375 0.2003291828125 0.7444759953125 0.20868985 0.745372234375 0.21434848125
3 0.9179815921875001 0.2091575203125 0.92469089375 0.2160047546875 0.9341803484375 0.21081049375 0.9305405312499999 0.20558640156250002 0.9221468421875001 0.20586118125000002 0.9179815921875001 0.2091575203125
3 0.6800601046875 0.23998535 0.6909529421875 0.23773276718749997 0.6967028156249999 0.232603471875 0.690926328125 0.2198079125 0.6800517765625 0.2162570171875 0.66625240625 0.2179152953125 0.65792190625 0.224507975 0.6645314453125 0.236644265625 0.6800601046875 0.23998535
3 0.5811648921875 0.24299299843750002 0.5988667953125 0.24229859375 0.6173385609375 0.2346270234375 0.6182713734374999 0.2286786984375 0.6052601515625 0.217556334375 0.5868066734374999 0.2194244265625 0.5745736406249999 0.225053228125 0.57211939375 0.23915240781249997 0.5811648921875 0.24299299843750002
3 0.3880834359375 0.2313880484375 0.38241503906249996 0.237031765625 0.38121950937500004 0.24724030468749997 0.385348184375 0.255550921875 0.393560634375 0.2600507796875 0.4179901265625 0.26040013125 0.4321336890625 0.2549960578125 0.4448738671875 0.24665030468750002 0.448242640625 0.2324062796875 0.4422666265625 0.2301888328125 0.4090360640625 0.227542153125 0.3880834359375 0.2313880484375
3 0.299121634375 0.2201665859375 0.2993028734375 0.21539195000000003 0.29424138593750004 0.2130296578125 0.2824340203125 0.21542708593749998 0.280260775 0.21946257343750003 0.28457069062499996 0.22299855468750002 0.29570795781250003 0.2222892359375 0.299121634375 0.2201665859375
3 0.29579613125000004 0.29979213125 0.30038705 0.2932644203125 0.29683866718749996 0.25902293906249996 0.2899847 0.2453433859375 0.275696471875 0.24391514062500003 0.24730125625000002 0.2362840109375 0.210475778125 0.24053461718750002 0.193525446875 0.2400553328125 0.160602503125 0.24526981406249998 0.14786232500000002 0.2536155671875 0.1504329921875 0.2816839953125 0.154806096875 0.29153787656249996 0.1654994078125 0.2998634078125 0.17621100625 0.3023854625 0.1978969203125 0.3031693546875 0.2275691421875 0.3011063640625 0.24608580781249997 0.305556171875 0.2612070859375 0.30632515 0.286062246875 0.3034431296875 0.29579613125000004 0.29979213125
3 0.06354630156249999 0.218455959375 0.07682024062500001 0.225318109375 0.1056594109375 0.22391438749999998 0.116814965625 0.21740159062500003 0.11784754374999999 0.20616420937500002 0.11121971718749998 0.1998313953125 0.100263690625 0.195766078125 0.07748200937500001 0.1999016671875 0.0649862609375 0.20979068281250002 0.06354630156249999 0.218455959375
3 0 0.277617384375 0.02172089375 0.2799223140625 0.029870153125 0.2781042734375 0.0366975046875 0.2738589734375 0.033827546874999996 0.261657715625 0.0245376203125 0.2562738625 0.01116391875 0.2547007703125 0 0.256873540625 0 0.277617384375
3 0.2775287875 0.1371051609375 0.27377091875000004 0.1429736046875 0.2746671578125 0.148632234375 0.2842015140625 0.1555593515625 0.3038139484375 0.15508967499999998 0.31163730156249997 0.15121394999999999 0.3116738765625 0.13960699375000002 0.30628648125 0.13518701718749998 0.29457888125 0.1322953890625 0.2826085625 0.1336639765625 0.2775287875 0.1371051609375
3 0.3036526265625 0.100800690625 0.30268323750000004 0.1183559703125 0.30807063125 0.122775946875 0.314798221875 0.1238197046875 0.3376613765625 0.1201985359375 0.349161125 0.1099399453125 0.3457208328125 0.094137740625 0.339500390625 0.09037703281250001 0.330943746875 0.08962296875 0.31356775 0.09237505781250001 0.3036526265625 0.100800690625
3 0.3316786671875 0.040992615625 0.3460849453125 0.031328326562499995 0.3515271984375 0.018337870312499997 0.28277477968750003 0.0281725328125 0.2865592625 0.04022894375 0.3053386453125 0.040418534374999995 0.3179607734375 0.043165315625 0.3316786671875 0.040992615625
2 0.125396025 0.598986325 0.15141004375 0.5737730859375 0.153033821875 0.5650786953125 0.20159433437500002 0.5590749078125 0.2228381234375 0.570053478125 0.254948984375 0.5928104078125 0.29898940937499996 0.5866788109375001 0.3076997609375 0.5658936453125001 0.33726281406249997 0.5536178296875 0.36546373125 0.55168240625 0.3775634953125 0.5522971546875 0.42732744062499994 0.54441531875 0.4523694921875 0.5320118390624999 0.48138183906250004 0.5257292921875 0.456458653125 0.5009902265624999 0.3985226546875 0.48569847812500005 0.364136203125 0.467520571875 0.31841975 0.4157008796875 0.2613262703125 0.38677615625 0.163172928125 0.430164909375 0.12278355625 0.4593424234375 0.0869151859375 0.4886476015625 0.051598437500000004 0.511959365625 0.0906362515625 0.5310880109375 0.10954501875 0.5652168765625001 0.125396025 0.598986325
2 0.41357986562500004 0.6849629562499999 0.4181603015625 0.666519346875 0.380846453125 0.6488050921874999 0.3197941734375 0.65172505625 0.296096496875 0.7010393296874999 0.251446846875 0.7317353265625 0.1892922359375 0.746641975 0.17201874374999998 0.7417843390625001 0.2204905625 0.763637390625 0.2590672765625 0.760902321875 0.3152961609375 0.727528634375 0.35474374062499997 0.7018751703125 0.3833640859375 0.6931235484375 0.41357986562500004 0.6849629562499999
2 0.7346213374999999 0.6847382375 0.714450621875 0.671058546875 0.683322309375 0.6734576234375 0.671335140625 0.7209171359375001 0.6869546828125 0.743754871875 0.69073518125 0.7676240062499999 0.726514859375 0.766175665625 0.781481790625 0.7532511562499999 0.7852206203125001 0.748440378125 0.76084814375 0.717708040625 0.7346213374999999 0.6847382375
2 0.5309932546875 1 0.5283298140625 0.9831837015625 0.5255327796875 0.984470428125 0.46677385156250006 0.9355601828125 0.42993978125 0.8924583125 0.41308663437500004 0.8807843328124999 0.3721350578125 0.8779894953125 0.34803480000000003 0.8868689265624999 0.3559452171875 0.9083965046875001 0.3898111328125 0.9232819734375 0.40914024531250004 0.9505944953125001 0.4465844546875 0.9691318234375 0.47830423125 0.9894195328125001 0.48567796406249997 1 0.5309932546875 1
2 0.46064914999999995 0 0.41428090937500006 0.0073440078125 0.359445253125 0.021091446875 0.3556762484375 0.035187934375 0.3324885265625 0.04982888125 0.322965678125 0.059938951562499995 0.31401251406249997 0.046849146875 0.2915360359375 0.047034187500000005 0.279626065625 0.0286712390625 0 0.0729596578125 0 0.2591075515625 0.0118672703125 0.25163634687499997 0.0363284390625 0.25451184531250004 0.05278958593750001 0.26371675 0.052528862499999995 0.2620706015625 0.0618681234375 0.261462546875 0.071556496875 0.25905692187499996 0.14698504375000002 0.2521725390625 0.15888351875 0.232569865625 0.199705646875 0.234541484375 0.23906361875 0.2367450046875 0.28600126875 0.2394354625 0.3114760765625 0.2581811140625 0.32106970156250003 0.25244302812499997 0.35063275625 0.2401672125 0.36500811093749996 0.23620293750000002 0.4157147640625 0.22479690937500002 0.44111772812499994 0.2241483578125 0.458521584375 0.22982906875000003 0.4715747546875 0.2398507984375 0.4989231171875 0.23861707187499998 0.5208774828125 0.23513984062499999 0.5340503187500001 0.23305346875000002 0.5613085250000001 0.23464223906249998 0.5710325140625 0.22972722812500002 0.5838444390624999 0.21588592499999998 0.6123051625 0.21559679375 0.6213480812500001 0.2158519765625 0.6402151796875 0.22130093281250002 0.65019989375 0.2180320671875 0.6768062890625 0.21550547031249997 0.698470421875 0.21966769687499998 0.734279359375 0.2089337921875 0.74214901875 0.2017813140625 0.7734067812500001 0.2002054546875 0.789466246875 0.21893269218750003 0.80087609375 0.2185907140625 0.8935975781250001 0.21069933437500002 0.9142188156250001 0.20827697343749998 0.9250149593750001 0.20066098437500002 0.9392306937500001 0.20515920156249998 0.95418128125 0.204048428125 0.9518820796874999 0.1997805359375 0.9555177265625 0.17979912343749999 0.942064171875 0.10936995625000001 0.9408722578125 0.10184451406249999 0.94313333125 0.1016071296875 0.9262751046875 0 0.46064914999999995 0
2 0 0.3109629703125 0.0704364015625 0.3182947921875 0.1455447921875 0.3283355359375 0.2036394984375 0.3351649359375 0.26456141718750004 0.3314219 0.300951234375 0.305409015625 0.3636574671875 0.2845089515625 0.438593825 0.265046709375 0.5678558875 0.26651035625 0.7317962109375 0.2785122015625 0.7779215140625 0.285549928125 0.841841759375 0.30073758281249996 0.8838673203124999 0.3008311546875 0.9107335265625001 0.29995085 0.9435565468749999 0.3082517296875 0.947887753125 0.32612759375 0.91646945625 0.3361660890625 0.8853127984375 0.34785058750000003 0.8935141124999999 0.361738603125 0.9078300328125 0.376345603125 0.9276805937500001 0.40695042031249995 0.9699668765625 0.408690140625 0.9778657984375 0.39225209687499996 0.983538253125 0.3590813421875 0.96151438125 0.217660509375 0.954525621875 0.2046876109375 0.9440133328125 0.20693286875 0.9411861234375 0.21750530625 0.9214774203125 0.22568918437500002 0.906349153125 0.2154294515625 0.80087609375 0.2185907140625 0.78996903125 0.2195189953125 0.789466246875 0.21893269218750003 0.7749409515625 0.21936804687499997 0.7438437265625 0.212481271875 0.7108309125 0.221928590625 0.6957744890625001 0.2310630625 0.6819196671875 0.23831977656249997 0.6658194328125 0.240869803125 0.659994809375 0.2325114015625 0.6497786328124999 0.22484855625 0.6198546656249999 0.22536944218750002 0.6154338515625 0.2353505609375 0.5884071109375 0.24469350156249997 0.563423578125 0.238525853125 0.5510630875 0.2362649578125 0.4989231171875 0.23861707187499998 0.4916044125 0.239776240625 0.4721866078125 0.24032055625 0.4715747546875 0.2398507984375 0.469128846875 0.23996113593750001 0.45901377187500003 0.242406928125 0.454071509375 0.2490957515625 0.43836236093750003 0.2541149984375 0.417059140625 0.261707703125 0.403886303125 0.26379407499999996 0.38394705 0.2610460953125 0.3728183375 0.24762173281250002 0.36644209375000003 0.245256746875 0.303084965625 0.2620412984375 0.3091410546875 0.28133141093749997 0.2887211078125 0.30397119375 0.26396904062500004 0.3087352578125 0.20903228125 0.312374059375 0.176049640625 0.312535671875 0.15587892187500002 0.2988559796875 0.15202749375 0.2555924984375 0.0618681234375 0.261462546875 0.05278958593750001 0.26371675 0.05422356874999999 0.272770559375 0.0373119046875 0.279667709375 0 0.2968328609375 0 0.3109629703125
3 1 0.46064914999999995 0.9858594937499999 0.3713695078125 0.9733447953125 0.3921244328125 0.966097684375 0.41267784531249996 0.9400127375 0.418496734375 0.9170440703124999 0.40610391718749994 0.905655546875 0.39103326250000003 0.8743561171875 0.36392921093749997 0.9127608 0.33169115625 0.92439855 0.3104423375 0.9173704953125 0.303961984375 0.854172990625 0.3122840421875 0.8151050015625 0.30244110625 0.7681975249999999 0.2904649390625 0.7030747640625 0.2771551859375 0.648819075 0.275623790625 0.5443072515625 0.2693963734375 0.4570396625 0.277312153125 0.412609065625 0.2809743859375 0.3857419453125 0.2818548359375 0.3414124515625 0.2956257046875 0.3116888625 0.3163641578125 0.2762408375 0.338852990625 0.175178775 0.33545406875 0.1916233625 0.3433989859375 0.12225688125 0.3328677 0.036351431249999996 0.3304430890625 0 0.31996358593749996 0 0.5334319125 0.034967835937500004 0.7542101390625 0.06399955625 0.751299409375 0.1182773796875 0.751340203125 0.035358921875 0.756679359375 0.073897125 1 0.4779269828125 1 0.46542229375 0.9838663421874999 0.440599296875 0.9692360593749999 0.3935916328125 0.9471511078124999 0.3601469765625 0.92544915 0.3520343546875 0.8837042953124999 0.3723957828125 0.8796356421875 0.40520285781250004 0.8721221421875001 0.42118775937499997 0.8845635656249999 0.4434442703125 0.911412434375 0.472758096875 0.9354560921875 0.512939909375 0.9712779656249999 0.5275575453125 1 0.53602145 1 1 0.9265130171875 1 0.46064914999999995
3 0.09650254375 0.5681263234375 0.10854379218750002 0.5873122000000001 0.1205841234375 0.606498221875 0.13056883749999998 0.6032293578125001 0.1512495078125 0.582235721875 0.2003616421875 0.57023851875 0.21125980625000002 0.5727310250000001 0.23422755781250001 0.5851239875 0.2568042265625 0.5950477281250001 0.293916784375 0.5925445625 0.30975629531250004 0.5883483875 0.32035115 0.560514978125 0.3590582265625 0.558602984375 0.40495206406250006 0.5547089984375 0.46831010468749995 0.537924303125 0.48496104687499997 0.5293810062500001 0.49149691406249996 0.5232835015624999 0.42685392968749997 0.484586128125 0.36959991406250003 0.4641240421875 0.336155259375 0.44242208437499997 0.29808941093749997 0.41048368125 0.27674452031249996 0.389396471875 0.2576167 0.38230136875 0.2322471765625 0.3702001328125 0.244052778125 0.3819185203125 0.22457462499999997 0.40103425625 0.1547818203125 0.43402509375 0.11800182968749999 0.4575686109375 0.0750752296875 0.4896791453125 0.0429164296875 0.5234591109375 0.0775937796875 0.5339974562500001 0.09650254375 0.5681263234375
3 0.7432429984375 0.6918099093750001 0.716335121875 0.664010303125 0.696424215625 0.651976903125 0.66169984375 0.6979753093750001 0.6516264375 0.7291010124999999 0.6603190265625 0.7555670328125 0.6331317484375 0.773372609375 0.5625567703125001 0.8014250078125 0.5022820703125 0.830840078125 0.567468859375 0.8040218921875001 0.6665347359375 0.7663946546875 0.6770825671875 0.7950979968749999 0.747728471875 0.7864399468750001 0.7617127406249999 0.7800064515625 0.799697078125 0.7545847421875 0.7993946843749999 0.7242586828124999 0.7432429984375 0.6918099093750001