1 1 0.3806867765625 0.9701497484375 0.349597775 0.950221459375 0.3209357609375 0.9184108640625 0.2873900015625 0.8871912984374999 0.2554396765625 0.8581051078125 0.231327921875 0.8098797546875 0.21618816093749998 0.7456565828125 0.1955137578125 0.6808656671875 0.183751 0.6207812921875 0.1742345703125 0.5389610140625 0.168777128125 0.49652060625 0.1650560609375 0.4481102109375 0.172392778125 0.37102005 0.1796869125 0.29825343593750003 0.1756643671875 0.24325859843750003 0.18195727343749998 0.1720809 0.20519201874999998 0.1211206234375 0.2286280578125 0.06889705 0.2653672921875 0.0305380609375 0.29980168125 0.0223540390625 0.319511296875 0.017395935937500002 0.35081553125 0.10137976875000002 0.2840153359375 0.1752350125 0.2492022703125 0.23172505000000002 0.228142009375 0.285873384375 0.2112125796875 0.3484036953125 0.2106130203125 0.41528098281250003 0.2092029421875 0.4752142640625 0.2036922078125 0.540422121875 0.19151433125 0.599915321875 0.1994362421875 0.6874971140625 0.20580621875 0.7460628609375 0.2195838421875 0.79652568125 0.2365779328125 0.8611316999999999 0.27081625625 0.9190723249999999 0.32050300468750004 0.9407742828125001 0.35394766093749996 0.9709388750000001 0.38723178125 1 0.42013059375 1 0.3806867765625
3 0.286450028125 0.6896693093749999 0.2625136765625 0.6996308140624999 0.24601825625 0.7345272171875 0.26427697031249997 0.7524223453125 0.281642178125 0.73866954375 0.2893625453125 0.721887325 0.286450028125 0.6896693093749999
3 0.0691172 0.786027665625 0.0469410703125 0.8035202140625 0.0424556203125 0.8478213625000001 0.05186885 0.8523131046874999 0.065918478125 0.8275317781249999 0.0746936734375 0.8094166796875 0.0691172 0.786027665625
3 0.0870761203125 0.8803942390625 0.096546725 0.8578885015625 0.091198071875 0.823738753125 0.0712163375 0.8313717109375001 0.05651816093749999 0.8815560031249999 0.06173521562499999 0.9018872546875001 0.08077014375 0.8989004250000001 0.0870761203125 0.8803942390625
3 0.1223039765625 0.74054348125 0.1083225453125 0.762230715625 0.1083694046875 0.7832430390625 0.11495399375 0.7842859359375 0.12362495312499999 0.7721559953125 0.1250159171875 0.7633738015625 0.1223039765625 0.74054348125
3 0.039755731249999995 0.37477970781250003 0.0455746234375 0.3486947609375 0.0468379234375 0.3353915625 0.0438816171875 0.32742171249999996 0.024997784375000002 0.345435709375 0.0165585765625 0.3561024078125 0.000014328125 0.4605586796875 0.0159229375 0.4400213375 0.019400128125 0.4180672203125 0.015006146875000001 0.3978663296875 0.039755731249999995 0.37477970781250003
3 0.0951673890625 0.9411759078124999 0.10707455156250001 0.940575653125 0.10949691406249999 0.9199544156250001 0.1096065140625 0.9072765875 0.09493691875 0.9266499046875 0.0951673890625 0.9411759078124999
3 0.32240901875 0 0.328947184375 0.0244880296875 0.34275453906250003 0.0491797484375 0.38676028906250004 0.069652859375 0.42559569843749995 0.09080795625 0.46358475 0.10132561250000001 0.486281909375 0.053908184375 0.5118545671875 0.030951925 0.5185199625 0.015503501562499999 0.5182018203125 0 0.32240901875 0
3 0.608339221875 0.02372780625 0.5992619828125 0.0117876609375 0.577394159375 0.0060254671874999995 0.55201861875 0.011756040625 0.57471020625 0.07091468437500001 0.584425478125 0.1054616703125 0.614415546875 0.11321246562500001 0.636511015625 0.1122103234375 0.652079125 0.08316871718749999 0.6740000703125 0.05663325 0.6793553078125 0.0334757015625 0.6702780671874999 0.021535556249999997 0.64702368125 0.029854821875 0.6244879890624999 0.0442905234375 0.6189818015624999 0.052419993750000005 0.608339221875 0.02372780625
3 0.7519157 0.15599525 0.76240733125 0.1696593609375 0.7755765078125 0.171745153125 0.786925015625 0.148036896875 0.79768235 0.1227341203125 0.780918834375 0.0900716375 0.778133828125 0.075693203125 0.7617563875 0.0885365515625 0.7498632749999999 0.13166444375 0.7519157 0.15599525
3 1 0.22186633906250003 0.99960348125 0.2222317109375 0.96417736875 0.25412978750000004 0.9495365671875 0.277316596875 0.9557043609375 0.3022992140625 0.9835272515625 0.3397141640625 1 0.36550546875 1 0.22186633906250003
3 0.44164755624999996 0.4369322359375 0.44427824375 0.40434159375 0.42545178593750005 0.3953581078125 0.4186144953125 0.4012377609375 0.4214196171875 0.48474075 0.42819149687499997 0.569833853125 0.43365321874999996 0.64721783125 0.42630532656250003 0.7255728625 0.42572691875 0.7824952265625 0.4286024171875 0.806956396875 0.446814271875 0.803839203125 0.45695685781249995 0.7664366609375 0.459366453125 0.6872985421875 0.44822387656249996 0.5925116234375001 0.44392121875 0.50780960625 0.44164755624999996 0.4369322359375
3 0.650285584375 0.755046184375 0.6487436718749999 0.7488003 0.5890888609375 0.7738610296874999 0.5541029749999999 0.7923255453125 0.5067136062500001 0.8358321125 0.47833573593749995 0.8658456859375001 0.46273997187499993 0.87508546875 0.41008039687500003 0.934553925 0.3863049796875 0.972798071875 0.38653545 0.9873240750000001 0.4090149046875 0.983897525 0.42903451875 0.9480584140625 0.47119617031249994 0.9322313140625 0.49457836562499996 0.9284321359375 0.5118968578125 0.89366609375 0.5203124906250001 0.8724941515625 0.576141065625 0.8183208859375 0.636538 0.809882753125 0.650285584375 0.755046184375
3 0.9265130171875 1 0.9283914859375001 0.98813981875 0.875255171875 0.9647196828125001 0.867696415625 0.948519259375 0.87382786875 0.9044797499999999 0.8798552296875 0.866424484375 0.8848041890625 0.81919685 0.8907845484375001 0.7601301765625 0.8944937828124999 0.7367109890625 0.892928296875 0.7199598578125 0.894400065625 0.6946863421875 0.8342817437500001 0.72267355625 0.7964672171875 0.737689225 0.762872146875 0.747372459375 0.7303554812499999 0.766228059375 0.70908323125 0.7673596500000001 0.7008864421875 0.728552384375 0.7023814953125 0.71378594375 0.68526155 0.7153361406250001 0.692900371875 0.7843014890625 0.7167929359375 0.7985881515625 0.7462724921875 0.7882540203125 0.7923413296875 0.7850472203125001 0.8470341265625001 0.7486990703124999 0.8597162203125001 0.7432061 0.8668581812499999 0.7833462453125 0.8625238265625 0.8426745562500001 0.8613308140625 0.8874962406250001 0.8502842046874999 0.9412606546875001 0.8489402453125001 0.971054259375 0.8587363234375 0.9891099234375 0.8857941593750001 1 0.9265130171875 1
3 0.7693057875 0.733387278125 0.7753798625 0.7163452484375 0.77098588125 0.69614435625 0.7391213 0.6882429140624999 0.7535397234375 0.72638939375 0.7693057875 0.733387278125
1 0.9380334859374999 0.6535857265625 0.9360747765624999 0.6712795625 0.9484443109375 0.68374115625 0.9759143937499999 0.6880919890625 0.9912492625 0.5613068078125 0.9738061046875 0.5662294421875 0.955641109375 0.5903589609375001 0.94923104375 0.614849390625 0.9380334859374999 0.6535857265625
1 1 0.49803577812500005 0.9679275890625 0.5127851875 0.9224969265625 0.5385979140625 0.8769387484375001 0.5598887265625 0.83281824375 0.5934105796875 0.7770470453125 0.6205863625 0.735604234375 0.6425289828125 0.6836124140625001 0.6778049765625 0.6637778421875 0.6911676078125 0.6289196171875 0.7141531249999999 0.58806798125 0.7376902671875001 0.54932614375 0.75856073125 0.5069560234375 0.78635815 0.45761846406249995 0.79954875 0.42484646875000004 0.809362346875 0.39876344218750004 0.8142327671875 0.33964257343750004 0.8678845828125 0.2945141 0.9237516390625 0.25648981718749997 0.9667268703125 0.257312890625 0.9668572328125 0.2737743625 0.9694644734375 0.2829805515625 0.969936375 0.2921151671875 0.9548790359374999 0.3249443953125 0.9180688734375 0.350957278125 0.8816790546875 0.387333984375 0.8544332578124999 0.42561216718750006 0.836490190625 0.46293975468750004 0.8138948453125 0.5230815062499999 0.7964137921875001 0.5563170109375 0.7836737125 0.5820173343749999 0.7652384546875 0.6225094062500001 0.7386444703125 0.6588862578125 0.7113977578124999 0.7017434625 0.691179103125 0.7483331859375 0.6580483359375 0.810920728125 0.630452209375 0.8716302234375 0.6040595125 0.93031086875 0.56384125625 1 0.53181254375 1 0.49803577812500005
2 0.0729596578125 0 0.0232813484375 0.3136565015625 0.1245170078125 0.22316526093750003 0.227284209375 0.1869287953125 0.338688278125 0.17606694843749998 0.3971030765625 0.17481649375 0.48301543750000003 0.17041866875 0.591973715625 0.1696718984375 0.7601359171875 0.2053086765625 0.7628709859375 0.1667319625 0.7513010953125 0.1438945703125 0.7541636828125 0.1098397734375 0.7602377578125 0.0927977453125 0.7584703546875 0.0347051203125 0.71320130625 0.02753520625 0.6816968625000001 0.029345784375 0.6757504515625 0.050908814062499995 0.6600546781250001 0.07542941875 0.651383715625 0.0875593578125 0.6437910125 0.108862578125 0.6310046828125 0.12034070781249999 0.6040985828125 0.12508076562499998 0.5865587078125001 0.11330115781250001 0.5701311828125 0.073190271875 0.560543575 0.043164287499999995 0.5457856265625 0.0138202890625 0.534830340625 0.003083578125 0.5225384562500001 0 0.5184443125 0 0.51396436875 0.02828525 0.49649478125 0.048024128124999996 0.48278114375000003 0.065357053125 0.46826800625000004 0.093064865625 0.4517023 0.0964427828125 0.415127640625 0.0876490921875 0.37207248437499996 0.0718282609375 0.33652936875 0.0511946125 0.32881966406249996 0.0199661109375 0.3206104171875 0 0.0729596578125 0
2 1 0.074730865625 0.760939575 0.03509620625 0.7611650671875 0.0869429484375 0.7785304187500001 0.0731892296875 0.79341603125 0.1070542328125 0.7955959765625 0.1359069578125 0.78285650625 0.168397409375 0.7699425125 0.1753545359375 0.7628709859375 0.1667319625 0.758825759375 0.19759955 0.8677502359375 0.234355509375 0.9435092062500001 0.31537186093749997 1 0.3834450640625 1 0.36231028125 0.9822405249999999 0.3425112015625 0.9600749125 0.31199394375 0.9520292171875001 0.2882138421875 0.9645369328125 0.2571866328125 0.9851710046875001 0.23344911562499998 1 0.22181929218750002 1 0.074730865625
2 0 0.9261028734375 0.025206129687500002 0.9300951328125 0.055659854687499996 0.9349185296875 0.0793219484375 0.9346791874999999 0.09472844687500001 0.9386202234375001 0.09962003124999999 0.918390071875 0.0810020421875 0.8974362671874999 0.06338136250000001 0.9021479796874999 0.04936568125 0.8894256640625 0.061665071875 0.87036785625 0.0613863140625 0.8508196890624999 0.05019941875 0.8415453062499999 0.046117996875 0.8033898515625 0.062196474999999994 0.7924340859375001 0.0670073984375 0.788694340625 0.0759804015625 0.8066196437500001 0.0775457421875 0.8233716875000001 0.0896600921875 0.8267903609375 0.09991982499999999 0.841918628125 0.0934053796875 0.87239513125 0.0894411046875 0.886770484375 0.0816974515625 0.8930456265625001 0.1020892515625 0.9187811578125 0.1135314765625 0.9370975484375 0.1470210265625 0.9493887171875001 0.1725363078125 0.953429940625 0.18899778125 0.9560371828124999 0.2194515046875 0.960860578125 0.24475974531250003 0.9608819593750001 0.25849666875 0.954056109375 0.279953959375 0.9304480421875001 0.2990696921875 0.9109698890625 0.3286066265625 0.8736382765625 0.3052456109375 0.7814169296875 0.27999602968750004 0.73840881875 0.25486359687500004 0.7479315171875001 0.251779771875 0.735439753125 0.24131156874999998 0.7322818015625 0.1744811390625 0.754704203125 0.1399589078125 0.7702413203125 0.113435509375 0.7885462140625 0.10716348281250002 0.7695487546875001 0.1191033078125 0.747434103125 0.41969027187499997 0.3944455734375 0.4221207578125 0.219288759375 0.31725441718749997 0.2101811796875 0.2400600203125 0.2234604703125 0.192728028125 0.23996955625 0.132969128125 0.27101453124999997 0.0891846140625 0.29708798281250004 0.046119084375 0.3292760421875 0.0452620625 0.3666493234375 0.0344813015625 0.3814459375 0.018530340625 0.3969236203125 0.014774392187499999 0.39932957187499996 0.017777410937499998 0.42831265781249994 0.0064289031250000005 0.452020915625 0 0.4700586609375 0 0.9261028734375
2 0.27694615312500004 0.6884134093750001 0.28659128125 0.691440996875 0.2958194703125 0.71840921875 0.2831608046875 0.7344083515625 0.28459848125 0.7466393921875001 0.297199915625 0.757636828125 0.31087946093749996 0.7778084609375 0.3284789609375 0.8691172734375 0.3303570078125 0.8679138406250001 0.34702680625000004 0.858551678125 0.381502325 0.8220013234374999 0.4253101234375 0.8064349484375001 0.42690941093749996 0.7856833484375 0.423546975 0.7536425015625 0.4244039953125 0.7162692203125001 0.428634115625 0.662926065625 0.43255153125 0.6275383875 0.41975004218749995 0.4739738640625 0.416556809375 0.40091185625000003 0.152987509375 0.70929014375 0.120853690625 0.7417096671875 0.1282847828125 0.7533890875 0.11847818750000001 0.7833432265625 0.1264535953125 0.7756048421874999 0.1372577875 0.771314390625 0.1573241140625 0.7564885171875 0.2094904578125 0.7467458484375 0.2466095765625 0.7361208218749999 0.2552571078125 0.7134847203125 0.27694615312500004 0.6884134093750001
2 1 0.422385625 0.9934404750000001 0.41030063749999995 0.9483904140625 0.34315060000000003 0.8932784296875 0.2969127 0.811132534375 0.25089476718750003 0.682118446875 0.2184576078125 0.53517111875 0.208686721875 0.42302156249999995 0.20694248750000002 0.41840354218750003 0.397242609375 0.44060310156250004 0.3902562234375 0.443942253125 0.4117899953125 0.4484065234375 0.463509371875 0.45277946875 0.5797298750000001 0.4590175515625 0.6362309765624999 0.46394547499999994 0.6850229546875 0.4594260796875 0.766827746875 0.48298265156250003 0.788562809375 0.5573825015625 0.7343301125 0.6502726734375 0.6965302171875 0.7630313656250001 0.6078640453124999 0.8747012812499999 0.558034396875 0.93433251875 0.5224684203125001 1 0.4888156296875 1 0.422385625
2 0.3909880921875 0.9645382390625 0.4229709609375 0.9170906375 0.466476715625 0.8714690171875 0.5071772609375 0.8329047125000001 0.53568279375 0.8074121421875 0.5342451171875 0.7951811 0.44074019687500005 0.8208812312499999 0.38957145 0.8562875875 0.2820050984375 0.97076809375 0.385864753125 0.9862316312500001 0.3909880921875 0.9645382390625
2 0.8617528671875 1 0.8512009968750001 0.9834156625 0.8487657234375 0.9455209328124999 0.8536678234374999 0.877280978125 0.8602735921875 0.7823033484375 0.8552648625 0.7500026906249999 0.8218208875 0.7747130890625 0.7833108046875 0.7941203125 0.7151467890625 0.7983274265625 0.6952887875 0.801183896875 0.68619878125 0.7307268703124999 0.67452465625 0.7138746375 0.6396430046875 0.72635399375 0.5896333203124999 0.7544423109375 0.5509149140625 0.7858189390625 0.5342451171875 0.7951811 0.5400300609375 0.8065997953125 0.5589138953125 0.7885858015625 0.5802903796875001 0.781469053125 0.6130388015625 0.7611502078125 0.643469096875 0.7554674421875001 0.6503898203125 0.7490610249999999 0.64027051875 0.7969706421875 0.6332691359375 0.8198674671875 0.5857860484375 0.8213493875 0.56736586875 0.8364359859375 0.548482034375 0.8544499796875 0.5304212734375 0.8725943390625 0.50934683125 0.9097663296875 0.4993891421875 0.92469330625 0.4659217375 0.9388975421874999 0.4428991046875 0.9457535671875 0.42097816093749996 0.9722890328125 0.40819183125 0.9837671640625001 0.39217810468750003 0.9876553046875 0.4695938421875 1 0.8617528671875 1
2 0.8873436984374999 0.8511064203125001 0.8784303187500001 0.9127103234374999 0.8741767687499999 0.9555473156250001 0.9102879187499999 0.9672674906250001 0.92931879375 0.982285021875 0.9455461187499999 0.8798297328125001 0.9599227328125 0.7710805890625 0.976377903125 0.68516550625 0.94798065625 0.6866685546875 0.9257342390625001 0.6726426171875 0.9445477859375 0.6231101359375 0.9650076234375 0.5738374671875001 0.9874389375 0.5653878390625 0.9915543046874999 0.5660396484375 0.9990962421875 0.5417275515625 0.9904291890625 0.5358540421875 0.930566053125 0.5728841765625 0.8899463140625 0.5949571609375 0.8557835 0.6135520375 0.8092745812500001 0.6301914843749999 0.754454121875 0.6620186312499999 0.7619086421875 0.6842042125 0.7768749171875 0.7015788078125 0.7747078828125 0.7312420515625 0.7567277828125001 0.7328960015625 0.7468040421875 0.710319334375 0.7346664078125 0.6963935859375 0.7545009796875 0.6830309531250001 0.764273628125 0.6905804578125 0.75118525625 0.6720033453125 0.7251255140625 0.6873808390625 0.6987063515624999 0.6997005749999999 0.6825946484375 0.7055390671875 0.68723018125 0.718887828125 0.7009672484375 0.712061065625 0.710218865625 0.74953545 0.7216610890624999 0.7678518375000001 0.7453792765625 0.756604259375 0.7858947796875 0.740516434375 0.8217271703125 0.7326884421875001 0.8524935984375 0.7195563609375 0.8962779671875 0.693483825 0.9025031374999999 0.6914689609375 0.899247184375 0.7599696390624999 0.8873436984374999 0.8511064203125001