1 0 0.6580859593749999 0.0481470953125 0.6987223359375 0.0709622109375 0.7251442640625 0.10610503125 0.75518114375 0.140493290625 0.7836931078125 0.171940509375 0.804632440625 0.22148421406250002 0.8146483437500001 0.287516628125 0.8284963390625 0.35318215625 0.8334221640624999 0.41393212031250004 0.8366059359375001 0.4958746359375 0.8334809328125001 0.538471509375 0.8327453859375 0.5858498109375 0.8203885953125001 0.6617552203125 0.805076303125 0.7345436796875 0.80147063125 0.7885794625 0.789463671875 0.85693855 0.7589161125 0.9051699281250001 0.730281659375 0.9532671203125 0.6882848359375 0.9878166 0.6500294765625 0.9938955734375 0.62957236875 0.9955543312499999 0.597921359375 0.9190130921874999 0.6731343171875 0.8492013921874999 0.7154766484375 0.7952222109375 0.7423263546875 0.7431401125 0.7648230875 0.6810150203124999 0.771955559375 0.6146514859375001 0.7803484921875 0.5556225546875 0.7920937718750001 0.4920448484375 0.8110210140625 0.43204949375 0.8093612328124999 0.3442816375 0.8121809421874999 0.28459656718750004 0.8046005812500001 0.232633821875 0.7929743874999999 0.16480284218750002 0.76567679375 0.10198594218749998 0.722318678125 0.0769069515625 0.6913257078124999 0.043428465625 0.6613769796875 0 0.6215203484375 0 0.6580859593749999
3 0.69255428125 0.28904766875 0.7153182453125 0.27663870468749996 0.7280756359375 0.240209225 0.70804639375 0.224320684375 0.692213875 0.23981330625 0.6862900187500001 0.2573105875 0.69255428125 0.28904766875
3 0.898624346875 0.17049970625 0.9188505234375001 0.1507849484375 0.9186806703125001 0.10625762968750001 0.90884949375 0.10277444218750001 0.8974671843750001 0.1288886 0.8906336046875 0.14782172031250002 0.898624346875 0.17049970625
3 0.8708998140625 0.0785273015625 0.86383358125 0.10189969843749999 0.8727225546874999 0.135303284375 0.8917969640625 0.1256234796875 0.9011689374999999 0.0741777265625 0.8938552671875 0.05450318125 0.8752368234375 0.05946334062500001 0.8708998140625 0.0785273015625
3 0.8504833234375001 0.22129425625 0.8621212296874999 0.19826436875 0.8598782421875001 0.1773720515625 0.8532207125 0.17702314531250002 0.8458651765624999 0.1899929984375 0.845399821875 0.198872478125 0.8504833234375001 0.22129425625
3 1 0.4891744703125 0.9876947140624999 0.5090502609375 0.986531403125 0.5312475765625 0.99301288125 0.550878509375 0.9708120875 0.5764256953125 0.967751690625 0.6029759859375 0.967885875 0.616338359375 0.9716590609375 0.62395553125 0.9885564718750001 0.6040663187499999 0.995834475 0.5925759171875 1 0.51309295 1 0.4891744703125
3 1 0.026937834375000004 0.9988041640624999 0.0263822421875 0.9914752328124999 0.0388444578125 0.989014375 0.069877640625 0.9805939453124999 0.087244084375 0.9817720890625001 0.112532065625 0.9874396109375001 0.1357521703125 0.9922236906249999 0.10417686875000001 1 0.08445727187499999 1 0.026937834375000004
3 0.8564994562500001 0.01892436875 0.8447202656250001 0.020765971875 0.844466678125 0.04152745 0.845682875 0.0541472859375 0.8582470437499999 0.033346706250000004 0.8564994562500001 0.01892436875
3 0.737037790625 1 0.71982030625 0.955027178125 0.7035076015625 0.931913984375 0.6576028968750001 0.91615288125 0.6167689234375 0.8991730796875 0.577888584375 0.8926839765624999 0.5602722328125 0.942214146875 0.5372392484375 0.9677177203125 0.5322251671875 0.9837782390625 0.5342674281249999 1 0.737037790625 1
3 0.442038271875 0.9849876578125001 0.45231387031250003 0.9959135625 0.4746642125 0.9993583812500001 0.4993017359375 0.9910067343750001 0.47055069375 0.9345440843749999 0.4572775 0.9012018734374999 0.42664154062500004 0.8966283531249999 0.404771865625 0.8999346109375 0.3923247140625 0.9304444343749999 0.373297565625 0.9591259015625001 0.3703922875 0.9827163656250001 0.3806678859375 0.9936422703125001 0.40292528125000004 0.9829378328124999 0.4238285796875 0.9662255906249999 0.42845484218749996 0.9575651000000001 0.442038271875 0.9849876578125001
3 0.28542260937499997 0.8684526171875 0.2735601640625 0.855960034375 0.26024510312500004 0.8552622218750001 0.2514369515625 0.8800268421874999 0.24338340781249998 0.90631545625 0.26346925 0.9370467453125 0.2677419546875 0.9510553015625 0.28268718437499996 0.9365704015625 0.29000705312499997 0.8924356 0.28542260937499997 0.8684526171875
3 0 0.8650327156250001 0.032168090625 0.8284694281249999 0.064065878125 0.7930430578125 0.0762027953125 0.7684528875 0.0674573953125 0.7442518375 0.03587599375 0.709950134375 0.0037725874999999997 0.6696860859375 0 0.66173598125 0 0.8650327156250001
3 0.564625159375 0.55662278125 0.5654155328125 0.5893098703125 0.5850778875 0.59627624375 0.5912631328125 0.5897141078125 0.5797449359375 0.506961771875 0.564115503125 0.4230426703125 0.5505948734375 0.346653515625 0.54971218125 0.2679596578125 0.5443374140625 0.21128866093749998 0.5389207781249999 0.1872620625 0.521134525 0.19226583749999998 0.5149571328125 0.23052367343750002 0.5208329234375 0.3094801359375 0.5418223906249999 0.4025830859375 0.55495525 0.48637134687500005 0.564625159375 0.55662278125
3 0.323878109375 0.2620601078125 0.32606444843750004 0.2681106015625 0.3827729046875 0.23695153124999999 0.4156370671875 0.21493114531250002 0.4582191578125 0.166709375 0.4833042984375 0.133893921875 0.49784880468750004 0.12307455468749999 0.5440037609374999 0.058427448437499994 0.56365133125 0.017907600000000003 0.5619037437500001 0.0034852625 0.5399056046874999 0.009242784375 0.5237418671875 0.046978184374999996 0.48346556406249996 0.067125675 0.46060858125 0.0733481453125 0.447019003125 0.109734009375 0.4408625421875 0.13166964375 0.39100245 0.1913818171875 0.3318184015625 0.206086925 0.323878109375 0.2620601078125
3 0.0921029640625 0.051067628125 0.041127575 0.036524295312499996 0.025315942187500003 0.0356956421875 0.02409409375 0.0371160515625 0.0229307828125 0.0593133671875 0.07822408125 0.077050946875 0.087434834375 0.0923725171875 0.08594035312500001 0.13681168593749998 0.08392386874999999 0.1752885109375 0.0839386515625 0.2227747328125 0.084165203125 0.28214295312500004 0.082924259375 0.30582156875 0.0862321390625 0.32231729531250003 0.0874102359375 0.347606203125 0.1442737609375 0.3134882296875 0.180311571875 0.2946021234375 0.21271043125000003 0.2814602953125 0.24307802031249998 0.2593090703125 0.26411545625 0.2559601234375 0.2763238046875 0.293698 0.27638045624999996 0.30853982343749997 0.29324457656249997 0.30520859843750003 0.2784387578125 0.2374195234375 0.2531837171875 0.22570857812499998 0.2249458640625 0.23906755 0.1794645984375 0.24707228906249998 0.12887082968750002 0.2889382734375 0.1168323828125 0.29572679218750003 0.1055337578125 0.256553078125 0.10364287187500001 0.1970967078125 0.10014420625 0.152395859375 0.105510390625 0.0977712875 0.10373270781249999 0.0680004125 0.0921029640625 0.051067628125
3 0.20777388437500002 0.2960413625 0.2035144609375 0.313624946875 0.2099959390625 0.33325588125 0.24251188906249999 0.3377832828125 0.22418505781250003 0.3013529078125 0.20777388437500002 0.2960413625
1 0.048312028125 0.3930426 0.048410496875 0.37524095 0.0348061328125 0.3641405921875 0.007031748437500001 0.3626849984375 0.0050335453125 0.49037856875 0.0218665921875 0.48365959375 0.03740985625 0.4577635 0.0412248609375 0.43273719687499995 0.048312028125 0.3930426
1 0 0.5559657015624999 0.0332993515625 0.536196603125 0.075782975 0.5057764828125 0.1188660859375 0.479840178125 0.15924090468750002 0.4418901125 0.2118659390625 0.409033525 0.2507880953125 0.3828791546875 0.298807753125 0.34236178125 0.31713689375 0.3269990734375 0.3494015203125 0.300495796875 0.3875690671875 0.2728174359375 0.42391711406250004 0.2480116765625 0.4631495046875 0.215937653125 0.5108379937499999 0.1976621328125 0.5424046609375 0.1844766890625 0.5678357046875 0.17690653125 0.6210245624999999 0.1173688125 0.6600661203125 0.0570905921875 0.693389965625 0.0103761625 0.692557775 0.01033255 0.6759139484375 0.009460284375 0.666708865625 0.0099532765625 0.6591982109375001 0.02588295625 0.6303965359375 0.06592305937500001 0.6083299249999999 0.1048326171875 0.57500045625 0.135731559375 0.5388075265625 0.1575774921875 0.5040462796875 0.18395085312499998 0.44606125937499996 0.20762266875000002 0.4143395234375 0.22376701250000003 0.3907069984375 0.24478769374999998 0.3532165734375 0.27546856875 0.3198870546875 0.3063684375 0.27937805 0.3309561296875 0.23650665937499998 0.36877535625 0.17714655937499998 0.4027624875 0.11952842500000001 0.43535647187500004 0.0653731921875 0.48148820625 0 0.52027809375 0 0.5559657015624999
2 0.9744822828125 1 0.9935853375000001 0.635492021875 0.902363165625 0.7360695484375 0.8039466765625001 0.7828496046875 0.6942882625 0.805296846875 0.6363241765625001 0.812646459375 0.5513421484375 0.8260004796875 0.4430588140625 0.8381323999999999 0.272092765625 0.82026858125 0.2734050453125 0.8589198609375 0.2872987109375 0.8804227640625 0.2880115015625 0.914590228125 0.2837520765625 0.9321738109375 0.29158213125 0.9897634546875 0.3373526515625 0.9921621859374999 0.368495253125 0.9870684171875 0.37215513906250003 0.9650019421874999 0.3852018296875 0.9389750093749999 0.392557365625 0.9260051562499999 0.39788168437500004 0.9040249828125001 0.4093981765625 0.8912731968750001 0.4356614109375 0.883746653125 0.45433650625000005 0.8936283140624999 0.47486676875 0.9318023249999999 0.4875404234375 0.9606616453125 0.505284809375 0.98830226875 0.5173023734375 0.9978350234375 0.532547159375 1 0.53387845 1 0.5354197468749999 0.970590321875 0.5507303593749999 0.9491335062499999 0.5625570890625 0.9304620671875 0.5740944671875 0.9013890046874999 0.5902163359375 0.896298003125 0.627509825 0.9012204296874999 0.67198285 0.9124541031250001 0.709488059375 0.9292594515625 0.720419796875 0.9595109953125001 0.7401954515625 0.996161015625 0.742603978125 1 0.9744822828125 1
2 0 0.9723887171875001 0.2890855578125 0.9896326156249999 0.283441840625 0.938093465625 0.2676092734375 0.9535870125000001 0.24926534843749998 0.921463496875 0.2440814140625 0.8929966953124999 0.2533549203125 0.8593525921875 0.2654709515625 0.8510836968750001 0.2734050453125 0.8589198609375 0.27420156875 0.8277985265625001 0.16203174843749998 0.8026296296875 0.0782192796875 0.7299760625 0.0091535046875 0.6625486609375 0 0.6557262640625 0 0.6613877265625 0.008977503125 0.6818297624999999 0.0368633015625 0.7070339203125 0.0620974109375 0.7350670625 0.072584728125 0.757875890625 0.0633887578125 0.7900405421875 0.0453489671875 0.8158048703125 0.011941865625 0.8481851125000001 0 0.8635878484375 0 0.9723887171875001
2 1 0.0287053984375 0.9771671921875 0.025248296875 0.927235715625 0.0226315 0.8964446374999999 0.0210178078125 0.8729371859375 0.0237292 0.857203134375 0.021420171874999998 0.8544529750000001 0.042050809375 0.875159240625 0.0609437171875 0.8921908843749999 0.054415954687500004 0.9074596312500001 0.0656035375 0.8972197 0.08584258125000001 0.8995402703125001 0.1052545234375 0.9116353203124999 0.1133087515625 0.9196827140625 0.1508285609375 0.90483750625 0.16340496875 0.9004438468749999 0.16762710625 0.88964629375 0.1507379328125 0.8863384625 0.13424128125 0.8739331281249999 0.13210763125 0.862148265625 0.118134671875 0.8654413625 0.087144178125 0.8678812859375 0.07243319375 0.8749265875000001 0.0653829953125 0.8519564000000001 0.0419199703125 0.8386622734375001 0.0248999578125 0.80407140625 0.01617673125 0.7782734765625 0.014824718749999998 0.7616296499999999 0.013952453125 0.7308385734375 0.0123387609375 0.7056667375 0.014962928125 0.6927185640625 0.023187284375 0.6738465328125 0.0489089234375 0.6568715390625 0.07027851093750001 0.631398628125 0.1104930671875 0.664271425 0.199767325 0.6938782578125 0.23990053281249998 0.7178776203125 0.22780294531249998 0.7222502953125 0.23990393281250003 0.7329912484375 0.24195035781250002 0.7971117953125 0.21266510625 0.8298208390624999 0.193604546875 0.8542855578124999 0.1726274796875 0.8625090015625 0.19086526406249998 0.85294619375 0.21410682187500002 0.590903225 0.5965815359375 0.6067949265625 0.771032878125 0.7120387984375001 0.7691290484375 0.787422253125 0.7478534906250001 0.8327692859375 0.726487303125 0.8889557375000001 0.689365890625 0.929774978125 0.65885854375 0.969240021875 0.6223452390624999 0.9661857765624999 0.5850871093750001 0.9753608125 0.56924465625 0.9896065343749999 0.5521844328125 0.993090415625 0.5493990578125 0.987074290625 0.5208886453125 0.9958824421875001 0.49612402187500004 1 0.47912585312499995 1 0.0822383703125 0.9951856187500001 0.095428228125 0.9878091484375 0.12472027968749999 0.9787326265624999 0.1227601578125 0.9788520296875 0.08863630781250001 0.9900016375 0.0669623515625 0.985939196875 0.0489417109375 0.99503665 0.0345796328125 1 0.030611421875 1 0.0287053984375
2 0.7021373703125 0.2893032625 0.6922286093750001 0.2873004515625 0.680232028125 0.2614445734375 0.6911489828125 0.24420989531249998 0.688440690625 0.232196134375 0.67475874375 0.2225761515625 0.659045625 0.2039449234375 0.6319981671875 0.1149759578125 0.6302562015625 0.11636910781250001 0.614656334375 0.1274224515625 0.584190228125 0.16737625312499999 0.54224954375 0.18743651562500002 0.5428281484374999 0.2082416078125 0.549521346875 0.23975546093750003 0.5525755921875 0.27701359062500003 0.5539445234375 0.33050669374999997 0.5537475875 0.3661099953125 0.5825308125 0.5174951578125 0.5933436109375 0.589823140625 0.8232347437499999 0.2555836875 0.8518037671875 0.2199828625 0.84319255 0.20914418437500001 0.8498143640625001 0.1783290671875 0.842691528125 0.1868587171875 0.832394996875 0.19225501250000002 0.8139883203125 0.20909716875 0.7631261359375 0.224239334375 0.7273209781250001 0.2386861609375 0.7210869343749999 0.26210217343750003 0.7021373703125 0.2893032625
2 0 0.61365920625 0.018638779687500003 0.6407865546875 0.0704611421875 0.7028597234375 0.13010439375 0.74308355625 0.21661046874999998 0.7802628140625 0.3483084109375 0.7990366359375 0.49547208125 0.793393815625 0.6071895921875 0.783405675 0.5918905359375 0.593665321875 0.5705428640625 0.602933921875 0.5649711125 0.5818671515625 0.5551251515625 0.5308977421875001 0.5386278109375 0.41577100468749995 0.526517928125 0.3602314796875 0.51651685 0.3122218953125 0.5124605578125 0.230392834375 0.48676109843750004 0.2112391703125 0.4184376796875 0.272951678125 0.330007534375 0.32025416875 0.227134684375 0.420221109375 0.121285125 0.48145047031250005 0.0656982109375 0.5230547750000001 0 0.5659383109375 0 0.61365920625
2 0.5598572609375 0.026611703125000004 0.533009221875 0.0771425015625 0.49451055468750005 0.1270617921875 0.4580640390625 0.1696692015625 0.43237936250000003 0.1980017609375 0.4350876546875 0.210015521875 0.52539395 0.17468225312500002 0.5725814171875 0.1341212671875 0.6675920375 0.00902415 0.56268495625 0.0045016140625 0.5598572609375 0.026611703125000004
2 0.0260392640625 0 0.02409409375 0.0371160515625 0.0829697921875 0.0342656828125 0.1001922234375 0.0559430390625 0.1065752328125 0.09337562187500001 0.10883300625 0.1617541609375 0.1121912890625 0.256901984375 0.12054891875 0.288502140625 0.1512267453125 0.260431259375 0.18749725625 0.23710495156250003 0.2548481 0.2257958046875 0.2742987359375 0.22087925625 0.290703709375 0.2900001484375 0.3040754203125 0.30553978437499996 0.337461540625 0.28948266562499997 0.3842612359375 0.256320784375 0.41948778906250006 0.221068865625 0.4350876546875 0.210015521875 0.428140821875 0.19926407031249999 0.4112434109375 0.21915328125000003 0.39072793125 0.22846549375 0.36028280625 0.252096171875 0.33061322187500003 0.26092863906249997 0.324400065625 0.268023375 0.3294560125 0.21931845625 0.334025671875 0.19581521875000002 0.3810937375 0.1893780828125 0.39783603125 0.172448696875 0.41473344375 0.1525594859375 0.4307986640625 0.1326266609375 0.44787212656250003 0.09345542343749999 0.45621497343749995 0.07756935625 0.4880142921875 0.059944635937500004 0.5101941546875 0.050719650000000005 0.529221303125 0.022038184375 0.5407377953125 0.009286396875 0.5562573765625001 0.0037456656249999997 0.4861919640625 0 0.0260392640625 0
2 0 0.51105770625 0.008509665625 0.515606178125 0.06417416249999999 0.4725214984375 0.10226412656249999 0.4463235140625 0.1342960984375 0.424259515625 0.1788109421875 0.40284971406250003 0.23000424531250002 0.365466621875 0.2202715375 0.3441817859375 0.20357110937499998 0.3284667703125 0.20262561875000001 0.298739509375 0.22033433750000003 0.29521518750000003 0.23256362031250002 0.3166308640625 0.24609040000000001 0.32921159843750003 0.22776125937499997 0.34457430625 0.21725300781249998 0.338087678125 0.23221151718750002 0.355194915625 0.256521115625 0.3371776765625 0.2815077875 0.322163875 0.296920940625 0.3146732359375 0.2909154765625 0.3018821453125 0.2779672546875 0.310107425 0.26484917812500003 0.2738053875 0.2515550515625 0.256785375 0.2291424890625 0.2704505640625 0.19053056875000002 0.29068528125 0.15571271874999998 0.3022158953125 0.1264875078125 0.3184920046875 0.0856683171875 0.3489984265625 0.0796878609375 0.3516529609375 0.0757657078125 0.2831871953125 0.078077596875 0.19130541875 0.0805027859375 0.1291072875 0.08025535 0.0860603421875 0.0431169296875 0.078179015625 0.022620546875 0.06523301875000001 0.0171916125 0.168823265625 0.014261134375000002 0.2784794359375 0.0068766796875 0.3656439 0.034961251562500004 0.3611807640625 0.058551909375 0.3728044828125 0.04501898125 0.42403217031249996 0.0298216203125 0.47517355468750005 0.0083964140625 0.48592160624999997 0.0042354578125 0.48570353906249997 0 0.5070265984375 0 0.51105770625