1 0 0.4281481484375 0.0725 0.3490324078125 0.13999999999999999 0.30309444375 0.1925 0.27345648125 0.24333333281249997 0.24826481406249998 0.305 0.237890740625 0.3708333328125 0.22603611093749998 0.4291666671875 0.2112175921875 0.4916666671875 0.1889888890625 0.5516666671875 0.18750648125 0.6391666671875 0.180097221875 0.6991666671875 0.18454351875 0.7516666671875 0.193434259375 0.8208333328125 0.21714444375 0.8858333328124999 0.25715555625 0.9125 0.28679351875000003 0.9475 0.3149490734375 0.9941666671875 0.353478703125 0.9994791671875 0.36829722187499997 0.9994791671875 0.322359259375 0.9408333328125 0.27790185156249997 0.9166666671874999 0.2527101859375 0.8800000000000001 0.224553703125 0.8441666671875 0.19788055625 0.8116666671875 0.17861574062500002 0.7616666671875 0.17120648125 0.6950000000000001 0.1608333328125 0.6291666671875 0.1593509265625 0.5683333328125 0.1593509265625 0.48666666718749996 0.1667601859375 0.4441666671875 0.1697240734375 0.3975 0.18454351875 0.3225 0.2038074078125 0.25 0.2112175921875 0.1966666671875 0.22603611093749998 0.13 0.26011944374999996 0.08333333281250001 0.2912388890625 0.0375 0.33569537031249996 0.005 0.37570648125 0 0.396453703125 0 0.4281481484375
3 0.32166666718750003 0.7698898140625 0.3266666671875 0.75210648125 0.31875 0.7207407406249999 0.2966666671875 0.7343240734375 0.2858333328125 0.7713712968750001 0.3066666671875 0.7861898140625 0.32166666718750003 0.7698898140625
3 0.12250000000000001 0.8914046296875 0.12833333281249998 0.8721398140625001 0.11916666718749999 0.8499111109375 0.1 0.8706574078125 0.1025 0.9151148140625001 0.1125 0.9180787031250001 0.12250000000000001 0.8914046296875
3 0.1483333328125 0.959571296875 0.1516666671875 0.94030648125 0.1575 0.916596296875 0.146875 0.883703703125 0.12833333281249998 0.89436851875 0.12166666718750001 0.9462342593749999 0.13 0.9654990734375 0.1483333328125 0.959571296875
3 0.1708333328125 0.8276833328125001 0.1708333328125 0.8187916671875 0.16458333281249998 0.7966666671875 0.1541666671875 0.8202740734375 0.1575 0.8410203703124999 0.1641666671875 0.8410203703124999 0.1708333328125 0.8276833328125001
3 0 0.539259259375 0.0125 0.5164861109375 0.0125 0.4942583328125 0.005 0.47499351875 0.0258333328125 0.44831944375 0.027500000000000004 0.42164537031249993 0.0266666671875 0.4083083328125 0.0225 0.4008990734375 0.0066666671875 0.42164537031249993 0 0.43350092656249994 0 0.539259259375
3 0.0333333328125 0.9862453703125 0.0341666671875 0.9551259265625 0.0416666671875 0.9373425921875 0.0391666671875 0.9121509265625001 0.0322916671875 0.889259259375 0.029166667187500002 0.9210416671875 0.0058333328125 0.990690740625 0.0266666671875 0.9990740734375001 0.0333333328125 0.9862453703125
3 0.18 0.975872221875 0.178125 0.9633333328125 0.1666666671875 0.9847629625 0.1691666671875 0.9990740734375001 0.1808333328125 0.9966185187500001 0.18 0.975872221875
3 0.3625 0.1074851859375 0.4016666671875 0.11193055625 0.4166666671875 0.061546296874999996 0.43833333281250003 0.034872221875 0.4425 0.018571296875 0.43916666718749997 0 0.2322916671875 0.0022222218750000003 0.25666666718750003 0.0571009265625 0.2741666671875 0.079328703125 0.32083333281250004 0.092665740625 0.3625 0.1074851859375
3 0.5741666671875 0.0956296296875 0.585 0.06451018593749999 0.6025 0.034872221875 0.6041666671875 0.0111620375 0.5933333328125 0.0007888890625 0.5716666671875 0.012643518749999999 0.5516666671875 0.030426851562500003 0.5475 0.0393175921875 0.5325 0.012643518749999999 0.5216666671875 0.0022703703124999997 0.49916666718749997 0 0.475 0.0096296296875 0.5066666671875 0.06451018593749999 0.5216666671875 0.0971120375 0.5525 0.1000759265625 0.5741666671875 0.0956296296875
3 0.7075 0.1326768515625 0.7208333328125 0.1326768515625 0.7283333328125 0.1074851859375 0.735 0.0808111109375 0.7133333328125 0.0511731484375 0.7083333328125 0.0374074078125 0.6941666671875 0.052654629687499996 0.6891666671875 0.0971120375 0.6950000000000001 0.120822221875 0.7075 0.1326768515625
3 0.9191666671875 0.23344537031249998 0.9525 0.26604722187499996 0.9866666671875001 0.3045759265625 0.9994791671875 0.32828611093750004 0.9994791671875 0.279384259375 0.9994791671875 0.223072221875 0.9966666671875 0.1445324078125 0.9916666671875 0.0948148140625 0.95 0.14749629687500002 0.9199999999999999 0.18454351875 0.9091666671875 0.20973518593749998 0.9191666671875 0.23344537031249998
3 0.4625 0.7343240734375 0.47083333281249995 0.7906361109375 0.47750000000000004 0.814346296875 0.495 0.8084185187499999 0.49916666718749997 0.7698898140625 0.4891666671875 0.6913490734375001 0.46333333281250005 0.5994722218749999 0.4458333328125 0.5164861109375 0.4325 0.44683703750000003 0.43 0.4142361109375 0.41 0.4083083328125 0.40416666718750005 0.41518518593750003 0.42000000000000004 0.497221296875 0.44000000000000006 0.5802074078125 0.4575 0.6557842593750001 0.4625 0.7343240734375
3 0.4858333328125 0.9921731484375 0.5 0.9536435187500001 0.5391666671875 0.9314157406250001 0.5616666671874999 0.92400555625 0.5733333328125 0.8869583328124999 0.5783333328125 0.86473055625 0.625 0.8024907406249999 0.6833333328125 0.7847083328125 0.6883333328125001 0.728396296875 0.6858333328125 0.7224685187500001 0.6308333328125 0.756552778125 0.5991666671875 0.7802629624999999 0.5591666671875 0.8306472218750001 0.5358333328125 0.86473055625 0.521875 0.8762962968749999 0.4791666671875 0.9432703703125 0.46166666718749994 0.9847629625 0.4641666671875 0.9990740734375001 0.4858333328125 0.9921731484375
3 0.8333333328125001 0.73580555625 0.8816666671875 0.6913490734375001 0.8933333328125 0.6839398140624999 0.9066666671875 0.7224685187500001 0.9116666671875 0.78174444375 0.9175000000000001 0.8262009265625 0.915 0.88103148125 0.9183333328125001 0.91066851875 0.9308333328125 0.92696944375 0.9824999999999999 0.9388249999999999 0.9983333328124999 0.9388249999999999 0.9994791671875 0.9373425921875 0.9994791671875 0.9151148140625001 0.9433333328125 0.9002953703125 0.9333333328125001 0.8854768515625 0.9324999999999999 0.8410203703124999 0.9324999999999999 0.8024907406249999 0.93 0.7550703703125 0.9266666671875001 0.6957953703124999 0.9266666671875001 0.6720842593749999 0.9225 0.6557842593750001 0.9199999999999999 0.6305916671875 0.865 0.6676388890625 0.8300000000000001 0.6883851859375001 0.7983333328125 0.7032046296875001 0.7691666671874999 0.7269148140625 0.7483333328125 0.7313601859375 0.7341666671875 0.6943129625 0.7333333328125 0.67949444375 0.7166666671875 0.6837037031250001 0.735 0.750625 0.7608333328125 0.7609981484375 0.7883333328125001 0.7461796296875 0.8333333328125001 0.73580555625
3 0.7983333328125 0.6513379625 0.765625 0.64851851875 0.7858333328125 0.6839398140624999 0.8025 0.6883851859375001 0.8058333328125 0.670602778125 0.7983333328125 0.6513379625
1 0.9566666671874999 0.583171296875 0.9574999999999999 0.600953703125 0.9716666671875 0.6113268515625 0.9994791671875 0.6113268515625 0.9947916671874999 0.48370370312500005 0.9783333328125 0.49129444375000003 0.9641666671875001 0.5179685187499999 0.9616666671875 0.5431601859375 0.9566666671874999 0.583171296875
1 0.3591666671875 0.9981 0.36583333281249997 0.9817990734375 0.39249999999999996 0.94030648125 0.4125 0.9002953703125 0.4441666671875 0.8676944437499999 0.4791666671875 0.8439842593750001 0.5125 0.815827778125 0.5691666671875 0.789153703125 0.6 0.7713712968750001 0.6224999999999999 0.7491425921875 0.6583333328125 0.7165416671875 0.6900000000000001 0.6839398140624999 0.7291666671875 0.657265740625 0.77 0.6172546296875 0.8275 0.5802074078125 0.8833333328125 0.5446425921875 0.9349999999999999 0.4957398140625 0.9994791671875 0.45276481406249997 0.9974999999999999 0.41719999999999996 0.9641666671875001 0.43942777812499995 0.9233333328125 0.47202962968750006 0.8816666671875 0.5001851859374999 0.8433333328125 0.540196296875 0.7925 0.5757620375 0.755 0.6039175921875 0.7091666671875 0.6468925921875 0.6916666671875 0.66319351875 0.6608333328125 0.6913490734375001 0.6241666671874999 0.7209870375 0.5891666671875 0.7476611109375 0.5516666671875 0.78174444375 0.505 0.8024907406249999 0.47416666718749995 0.8173101859375 0.4491666671875 0.8262009265625 0.3991666671875 0.888440740625 0.3633333328125 0.9506796296875001 0.3325 0.9990740734375001 0.3333333328125 0.9990740734375001 0.35 0.9990740734375001 0.3591666671875 0.9981
2 0.6366666671875 0 0.6058333328125001 0.0067166671875 0.6033333328125 0.02894444375 0.5916666671875 0.05561851875 0.585 0.06895555625000001 0.5808333328125 0.09118425937499999 0.5700000000000001 0.104521296875 0.5441666671875 0.1134120375 0.525 0.104521296875 0.5025000000000001 0.0674740734375 0.4883333328125 0.0393175921875 0.4691666671875 0.012643518749999999 0.4566666671875 0.0037527781250000004 0.44000000000000006 0.0022703703124999997 0.44000000000000006 0.0319083328125 0.4258333328125 0.0541370375 0.41500000000000004 0.0734018515625 0.40499999999999997 0.1030388890625 0.3891666671875 0.1089666671875 0.3516666671875 0.106002778125 0.3066666671875 0.0971120375 0.2683333328125 0.0822925921875 0.2558333328125 0.052654629687499996 0.2341666671875 0.0170898140625 0.2258333328125 0.005234259375 0 0 0 0.39052592656249996 0.0858333328125 0.2853120375 0.1816666671875 0.23344537031249998 0.29 0.2052898140625 0.34750000000000003 0.1949166671875 0.43166666718749996 0.17713333281250002 0.5391666671875 0.1593509265625 0.7108333328125 0.16824259218749998 0.7075 0.1297129625 0.6925 0.1089666671875 0.6900000000000001 0.07488333281250001 0.6933333328125 0.0571009265625 0.6825 0 0.6366666671875 0
2 0.9949999999999999 0.3208768515625 0.9808333328125001 0.29272129687500004 0.9516666671875 0.2690111109375 0.925 0.24233703750000002 0.9133333328125 0.22010833281250003 0.9208333328125 0.18750648125 0.9375 0.1608333328125 0.9691666671875 0.1267490734375 0.9866666671875001 0.1015574078125 0.9958333328125001 0.0897018515625 0.9994791671875 0.04228148125 0.9994791671875 0.0022703703124999997 0.6849999999999999 0 0.6933333328125 0.0511731484375 0.7083333328125 0.034872221875 0.7283333328125 0.0659916671875 0.735 0.0941481484375 0.7275 0.12823148125 0.7158333328125 0.1371231484375 0.7075 0.1297129625 0.7083333328125 0.1608333328125 0.8216666671875 0.180097221875 0.9091666671875 0.24826481406249998 0.9816666671875 0.3119851859375 0.9949999999999999 0.3208768515625
2 0 0.9990740734375001 0.0108333328125 0.9990740734375001 0.0041666671875 0.9803175921875 0.0166666671875 0.9625351859375 0.0266666671875 0.9299333328125 0.0325 0.9002953703125 0.0416666671875 0.901777778125 0.0433333328125 0.9358611109374999 0.0333333328125 0.9580888890624999 0.038333332812499996 0.975872221875 0.03 0.990690740625 0.0233333328125 0.9966185187500001 0.048333332812500004 0.9990740734375001 0.0983333328125 0.9990740734375001 0.1291666671875 0.9990740734375001 0.1525 0.9951361109375 0.16833333281250001 0.9966185187500001 0.16999999999999998 0.975872221875 0.1483333328125 0.9580888890624999 0.1316666671875 0.9654990734375 0.1158333328125 0.9551259265625 0.125 0.934378703125 0.12166666718750001 0.9151148140625001 0.10916666718750001 0.9077046296875 0.0991666671875 0.8706574078125 0.11333333281249999 0.8573212968749999 0.11750000000000001 0.852875 0.1291666671875 0.8691759265625001 0.13333333281249998 0.8854768515625 0.1458333328125 0.8869583328124999 0.1583333328125 0.9002953703125 0.1566666671875 0.9314157406250001 0.155 0.9462342593749999 0.1483333328125 0.9536435187500001 0.17250000000000001 0.975872221875 0.1866666671875 0.9921731484375 0.2216666671875 0.9990740734375001 0.2475 0.9990740734375001 0.2641666671875 0.9990740734375001 0.29500000000000004 0.9990740734375001 0.32 0.9951361109375 0.3325 0.9862453703125 0.35 0.959571296875 0.36583333281249997 0.9373425921875 0.3891666671875 0.89585 0.3516666671875 0.8084185187499999 0.32 0.7698898140625 0.2966666671875 0.7832268515624999 0.2916666671875 0.7713712968750001 0.2808333328125 0.7698898140625 0.21833333281249998 0.8024907406249999 0.1866666671875 0.8232370375 0.1633333328125 0.845465740625 0.1541666671875 0.8276833328125001 0.1625 0.8039731484375 0.40416666718750005 0.4083083328125 0.3791666671875 0.23492777812500001 0.2741666671875 0.24233703750000002 0.2 0.267528703125 0.1558333328125 0.2912388890625 0.10166666718749999 0.33125 0.0625 0.3638518515625 0.025 0.40238055624999997 0.03 0.43942777812499995 0.0216666671875 0.45572870312499997 0.0083333328125 0.4735111109375 0.005 0.47647500000000004 0.0125 0.50463148125 0.005 0.5298231484375 0 0.5564972218750001 0 0.9990740734375001
2 0.17250000000000001 0.8084185187499999 0.1675 0.8395379625 0.1741666671875 0.8306472218750001 0.18416666718750002 0.82471944375 0.20166666718749998 0.8069370375 0.25166666718749997 0.789153703125 0.2866666671875 0.7728527781250001 0.2916666671875 0.7491425921875 0.3091666671875 0.7209870375 0.31916666718750003 0.7224685187500001 0.3325 0.7476611109375 0.3225 0.7654435187499999 0.3258333328125 0.7772990734375 0.33999999999999997 0.7861898140625 0.3566666671875 0.8039731484375 0.3883333328125 0.8914046296875 0.39 0.8899222218749999 0.40499999999999997 0.8780675921875 0.43333333281249997 0.8365740734375 0.47416666718749995 0.814346296875 0.4725 0.7936 0.4641666671875 0.7624796296875 0.4591666671875 0.7254324078125001 0.45499999999999996 0.6720842593749999 0.4533333328125 0.6365194437499999 0.4166666671875 0.48684814843749996 0.40208333281249997 0.41518518593750003 0.19 0.7609981484375 0.1633333328125 0.7980453703125 0.17250000000000001 0.8084185187499999
2 0.4308333328125 0.42164537031249993 0.44333333281250004 0.47202962968750006 0.4658333328125 0.5861351859374999 0.4808333328125 0.6409648140625 0.4933333328125 0.6883851859375001 0.5016666671875 0.7698898140625 0.5283333328125 0.7876722218750001 0.5933333328125 0.7224685187500001 0.6791666671875001 0.670602778125 0.7766666671875 0.5653888890625 0.8791666671874999 0.498703703125 0.9324999999999999 0.45424722187500005 0.9994791671875 0.40534444374999995 0.9994791671875 0.36829722187499997 0.9733333328124999 0.3342138890625 0.9183333328125001 0.2749379625 0.8566666671875 0.237890740625 0.7683333328125 0.2052898140625 0.6358333328125 0.193434259375 0.4891666671875 0.206771296875 0.378125 0.2225925921875 0.4033333328125 0.411272221875 0.42416666718749996 0.4008990734375 0.4308333328125 0.42164537031249993
2 0.525 0.8721398140625001 0.5591666671875 0.8276833328125001 0.5833333328125 0.7980453703125 0.58 0.7861898140625 0.4916666671875 0.8262009265625 0.44666666718750003 0.8691759265625001 0.3583333328125 0.9990740734375001 0.46333333281250005 0.9981 0.465 0.975872221875 0.4891666671875 0.92400555625 0.525 0.8721398140625001
2 0.9225 0.9225240734375 0.9141666671875001 0.8854768515625 0.9083333328125001 0.8173101859375 0.9 0.7224685187500001 0.89 0.6913490734375001 0.8608333328125 0.7209870375 0.8258333328124999 0.7461796296875 0.7591666671875 0.7609981484375 0.74 0.7669259265624999 0.72 0.6987583328125 0.7058333328125 0.6839398140624999 0.6733333328125 0.701722221875 0.6283333328125 0.7372879625000001 0.595 0.7743351859375001 0.58 0.7861898140625 0.5875 0.7965629625 0.6033333328125 0.7758166671875 0.6233333328125 0.7654435187499999 0.6525000000000001 0.7402518515625001 0.6816666671875 0.729878703125 0.6875 0.7224685187500001 0.6849999999999999 0.7713712968750001 0.6816666671875 0.79508148125 0.635 0.8039731484375 0.6191666671875 0.82175555625 0.6033333328125 0.8425018515625 0.5883333328125 0.8632481484375001 0.5733333328125 0.903259259375 0.5658333328125 0.9195601859375 0.5349999999999999 0.9388249999999999 0.5133333328125 0.9491981484374999 0.49583333281249997 0.9788361109375 0.485 0.9921731484375 0.46979166718750004 0.9985185187500001 0.9994791671875 0.9990740734375001 0.9994791671875 0.9373425921875 0.9408333328125 0.9432703703125 0.9225 0.9225240734375
2 0.7608333328125 0.729878703125 0.7825 0.715059259375 0.82 0.69283148125 0.8541666671874999 0.67949444375 0.8825 0.6617111109375 0.9216666671875 0.6291101859375 0.9275 0.626146296875 0.9349999999999999 0.6943129625 0.9375 0.7861898140625 0.9383333328125 0.8484296296875 0.9408333328125 0.8914046296875 0.9783333328125 0.89733148125 0.9994791671875 0.9091870375 0.9994791671875 0.8054546296874999 0.9966666671875 0.6957953703124999 0.9994791671875 0.6083638890625 0.9716666671875 0.614290740625 0.9475 0.6039175921875 0.9583333328125001 0.5520518515624999 0.9708333328125001 0.5001851859374999 0.9916666671875 0.48833055625000005 0.9958333328125001 0.48833055625000005 0.9994791671875 0.4631379625 0.99 0.4586925921875 0.9366666671875 0.50463148125 0.9 0.5327870375 0.8691666671875 0.5564972218750001 0.8258333328124999 0.5802074078125 0.7766666671875 0.62021851875 0.7875 0.6409648140625 0.805 0.6557842593750001 0.8074999999999999 0.685421296875 0.79 0.6898675921875 0.7766666671875 0.669121296875 0.7625 0.657265740625 0.78 0.6409648140625 0.7908333328125 0.6468925921875 0.775 0.6305916671875 0.7516666671875 0.64985648125 0.7275 0.6661574078125 0.7125 0.67444444375 0.7191666671875 0.686903703125 0.7316666671875 0.6780120375 0.7466666671875 0.713577778125 0.7608333328125 0.729878703125