1 0 0.5802174375 0.012877212499999999 0.6011148453125 0.0773202015625 0.6708649125 0.134189896875 0.7494338703125 0.33756107968750004 0.9785420734375 0.3696676359375 0.9842033265625 0.029050473437500002 0.5861966609375 0.054148834374999996 0.5889298015625 0.2693642546875 0.5972614765625 0.484252715625 0.5818422125 0.6111567890625 0.5619093828125 0.5980104640625 0.5511294421875 0.46658293906250004 0.5711108546875 0.30333918125000003 0.5837898296875 0 0.5728039015624999 0 0.5802174375
1 0.4885939203125 0.55722201875 0.540238625 0.55448173125 0.5940539312500001 0.53943134375 0.5731511546875 0.512898521875 0.552067953125 0.46179440937500005 0.5155588359375 0.43843309062499997 0.51588488125 0.46218386875000006 0.4441232015625 0.47660839218750006 0.444630584375 0.5249306218750001 0.450336415625 0.5352447890625001 0.455317803125 0.549662165625 0.4885939203125 0.55722201875
1 0.600667365625 0.6726029312499999 0.6319294921874999 0.7001161984375 0.6675337375 0.7030094296875 0.6860342125 0.6834244640625 0.6512249484375 0.6248229453125 0.6189123296875 0.5776621046875 0.5477175703125 0.580339946875 0.5636252296875 0.5839910859375 0.582212696875 0.6236546781250001 0.600667365625 0.6726029312499999
0 0.4838588671875 0.71208585 0.488513296875 0.702752284375 0.5347553125 0.6965207890625 0.516457259375 0.65521585 0.3633111296875 0.6694637625000001 0.3839215265625 0.7156189203125 0.41907974374999996 0.712510184375 0.4838588671875 0.71208585
0 0.62884308125 1 0.601482434375 0.9325266234375 0.5505740828125 0.9396276968749999 0.57220244375 1 0.62884308125 1
1 0.4275574265625 0 0.45515763124999997 0.038535859374999995 0.5349641843749999 0.4393162109375 0.53761835625 0.4584003671875 0.5861784078125 0.5414274328124999 0.622108696875 0.56807144375 0.654130990625 0.6168734687499999 0.6880848328125 0.688863178125 0.68797675625 0.7150759765625 0.7079645718750001 0.8150658953125 0.7050246265625 0.9000125750000001 0.7110466859375 1 0.7336211359375 1 0.729486446875 0.966097640625 0.72994165 0.878174265625 0.724415340625 0.790042378125 0.7238951390625 0.7332559984375 0.7168017765625 0.67107965 0.6719454734375 0.6267841546875 0.6179827328124999 0.5402658828125 0.5685791640625 0.47909099218750006 0.549665653125 0.415676621875 0.5420520890625 0.29671389531250003 0.5175783640625 0.22216484374999998 0.510774415625 0.15834715 0.4995669953125 0.07682922812500001 0.5040410015625 0.0429243734375 0.52852390625 0.02354808125 0.5400108125 0 0.512287953125 0 0.5041362578124999 0.0082474265625 0.48563578281249997 0.0278323921875 0.47978615468749997 0.0183390578125 0.466724728125 0 0.4275574265625 0
3 0.14780734375 0 0.1363148546875 0.0034699984375 0.0769887828125 0.041241975 0.0802336875 0.0655074265625 0.1526117375 0.073192496875 0.21283077499999997 0.047424617187500004 0.259229403125 0.0488364359375 0.345005646875 0.040267815624999995 0.37829623125 0 0.14780734375 0
3 0.1245477921875 0.138477740625 0.11145000625000001 0.1615539125 0.059214568749999995 0.1591129046875 0.047390496875 0.1874908 0.06525835156250001 0.201641840625 0.12551401874999998 0.2012660859375 0.195816725 0.1865843078125 0.19358476875 0.15657414218750001 0.184212728125 0.1329206890625 0.086566884375 0.106395015625 0.07737618125 0.1073130140625 0.068066409375 0.12597998125 0.1245477921875 0.138477740625
3 0.0642234078125 0.2928477484375 0.1266872203125 0.3055541796875 0.104519625 0.3117997015625 0.0315874734375 0.32432546093750003 0.0498727078125 0.35716625 0.0668308578125 0.3804649625 0.0710649 0.3820577265625 0.13776184062500002 0.3963567625 0.1557329375 0.41391076250000003 0.13896894375 0.4236476515625 0.09024309999999999 0.42690261406249996 0.11770621875000001 0.45036125781249997 0.1362442390625 0.4561685765625 0.18995146875 0.46733098906250004 0.21888638125 0.49951103750000003 0.24431170156249998 0.5259951171874999 0.260727653125 0.5779686453124999 0.2801220078125 0.5703879390625 0.33410583437499997 0.5714448546875001 0.418593446875 0.5787266015625 0.4300490984375 0.5308214 0.38131134843750003 0.5256123734375 0.306882678125 0.5124885921875 0.29821035937499996 0.467803796875 0.2545364359375 0.43387105156250005 0.275919140625 0.3894086359375 0.22973666406249998 0.335571221875 0.20851975 0.293751609375 0.158864309375 0.25961035 0.04891495625 0.234299990625 0.0381292609375 0.24001388124999998 0.029355515625000002 0.294315296875 0.0642234078125 0.2928477484375
3 0.5438584750000001 1 0.531349159375 0.963315865625 0.50950488125 0.890922834375 0.465927128125 0.8223133046875001 0.3794731578125 0.7664520718750001 0.33983911875 0.7010764921875 0.28190781875000004 0.6085697765625 0.277396390625 0.602908703125 0.2512850796875 0.605920275 0.23057645937500001 0.6124230515625 0.2316141328125 0.6236064765625 0.2325190046875 0.6440745609375 0.23038594375 0.68177694375 0.2327259765625 0.6855743109375 0.25086650625 0.7192357734375 0.2908971234375 0.75675705 0.3214238109375 0.77990969375 0.3890265359375 0.8146769781250001 0.4170813015625 0.8433170765625 0.43800789062499995 0.8867778749999999 0.4565953578125 0.9264414671875001 0.48673737499999997 0.985912403125 0.500847365625 1 0.5438584750000001 1
1 0.519072153125 0.1454250546875 0.51675684375 0.15855582343750002 0.5645521796875 0.1179044796875 0.595729140625 0.0861695078125 0.6206342578124999 0.0558672109375 0.641028740625 0.03407764375 0.6563337609375 0.0240834984375 0.6439228781249999 0.01766418125 0.5810249437499999 0.007419765625 0.5700518359375 0.0088696671875 0.5661906765625 0.040344015625 0.5617047656249999 0.06578488437499999 0.5302512078125 0.107625346875 0.519072153125 0.1454250546875
3 1 0.0949992046875 0.9591479843749999 0.073246871875 0.9406841390625 0.1182239625 0.873734415625 0.130958396875 0.7682615859374999 0.140284921875 0.5522038984375001 0.1527479046875 0.5634439734375001 0.1583261359375 0.5543988890625 0.158423621875 0.5183605250000001 0.15799240781249999 0.5166359500000001 0.1763044734375 0.5423140515625 0.17575508125 0.5862279390625 0.17419020937500002 0.6410809171875 0.170323246875 0.746118715625 0.163458578125 0.8113319578124999 0.1605722234375 0.8745064875 0.1607111421875 0.9703673125 0.1632287828125 0.9769523796874999 0.177082740625 0.98780903125 0.21792174687500002 0.993996609375 0.25962984843750003 0.993070653125 0.32462311875 1 0.333259728125 1 0.0949992046875
1 0.5708944734375 0.46596022187499997 0.5919785875 0.5170644953125 0.6302241859375 0.5305777375 0.695726840625 0.5260500343750001 0.692192521875 0.503425928125 0.7344651859375 0.4770321875 0.7537606421875 0.40173893437499997 0.726139996875 0.3706368140625 0.6466346828125 0.377772603125 0.5636693968750001 0.3969911390625 0.5560574765624999 0.396495140625 0.5476278515625 0.4187020578125 0.5708944734375 0.46596022187499997
1 0.8968392484375001 1 0.9202962640625 0.9904344828125 0.89824096875 0.930697075 0.8759533906250001 0.9546914046874999 0.8498658921875 0.974630953125 0.7887929 1 0.8968392484375001 1
0 0.8628895062499999 0.9007703703125 0.8913289437499999 0.893092178125 0.9393975640625 0.8821056296875 0.9427258203125 0.8632301468750001 0.9486587999999999 0.8295825499999999 0.9178130203125001 0.8452983265625 0.8755284484375 0.86322808125 0.821725046875 0.8867424546875 0.8341606562500001 0.910089909375 0.8628895062499999 0.9007703703125
2 1 0.0806082265625 0.675883815625 0.0241459453125 0.6228167671875 0.052021101562500005 0.5294443234374999 0.154869646875 0.6856927046875 0.14772670937500001 0.9072752218750001 0.1199487671875 0.937318340625 0.111707159375 0.9628022859375 0.07812216875 1 0.0941182546875 1 0.0806082265625
3 0.0818463828125 0.7732056609375 0.10666814843750001 0.786044296875 0.0915197421875 0.8036817562499999 0.0947408359375 0.8110192328125001 0.1102152859375 0.8171325515625 0.1378102953125 0.8313063734374999 0.16363310312499998 0.8299363078124999 0.162016603125 0.8220355765624999 0.17938415000000002 0.8259441328125 0.1932421015625 0.82415671875 0.19526799687500002 0.8126672953125 0.18241108749999999 0.8002460078125001 0.16095420625 0.793924015625 0.13364769999999998 0.7781086859374999 0.13508286249999998 0.7614379671875 0.1512680296875 0.754983771875 0.129365121875 0.742659809375 0.1065939765625 0.7352598875 0.08120619999999999 0.7341680921875 0.053345590624999994 0.7385635921875 0.046652446874999996 0.75092243125 0.0599434765625 0.7608816984375 0.073813334375 0.7675582734375 0.0818463828125 0.7732056609375
3 0.2011670734375 0.856016903125 0.206003753125 0.8712549515625 0.21666624843750001 0.879058359375 0.238135034375 0.8938443390625 0.2572766046875 0.9132971031249999 0.27771962499999997 0.9253636468750001 0.2911562734375 0.934502403125 0.255490675 0.8892889078125 0.2340090703125 0.866038778125 0.2193909546875 0.8465374328124999 0.20765856875000002 0.8376991859375 0.181868890625 0.8289208265625 0.1767794265625 0.8407162484375 0.1979468921875 0.8486795875 0.2011670734375 0.856016903125
3 0.3837592484375 0 0.34340196562499997 0.04083123125 0.450973953125 0.0707995296875 0.462491871875 0.06521475 0.43396635312500004 0.0136445453125 0.426698828125 0 0.3837592484375 0
3 0.45914161875000004 0.1695514265625 0.4690430359375 0.156065915625 0.4713464390625 0.13447115625 0.44068695 0.1206031734375 0.3836514625 0.12831624375 0.3727857609375 0.1464973125 0.40367318125 0.15130895625000002 0.42133013906250005 0.153576165625 0.45914161875000004 0.1695514265625
3 0.3761578015625 0.3926982046875 0.375193390625 0.4322990296875 0.3857359046875 0.45785124687499995 0.43900901406250004 0.471475678125 0.4791358 0.47432016875 0.50244914375 0.453045275 0.51570354375 0.43761241718750005 0.5200319296875 0.404528075 0.5023383406249999 0.37686874062500003 0.49017932656249996 0.34341579218749996 0.43196145937499997 0.34076611093750003 0.404849109375 0.3579863828125 0.4118444859375 0.35245034531249997 0.3955137 0.35972505312499997 0.3761578015625 0.3926982046875
2 0 0.9190209484375 0.32442666249999996 0.976226121875 0.2917470078125 0.9396836984375 0.273052375 0.9262330640625001 0.256842484375 0.9157591234375 0.22910185625 0.9024058125 0.2130366734375 0.8911111984375 0.1936056875 0.8732997812500001 0.1867183890625 0.8526230218749999 0.1852346890625 0.835437628125 0.16568372343749999 0.8353750203124999 0.1186943609375 0.82878190625 0.0894819421875 0.8067071921875 0.0937031640625 0.7998358078125001 0.0910618109375 0.7892158 0.08112284843749999 0.7773090265625 0.06125774375 0.7619596296875 0.054659857812500004 0.739641521875 0.060051553125000004 0.7346689015625001 0.13039088906250001 0.745379246875 0.0618713859375 0.681679890625 0.0454792453125 0.6466343375 0.0144937125 0.6090155765625 0 0.5848023062500001 0 0.9190209484375
2 0 0.573799771875 0.0112359890625 0.576285975 0.052809843749999995 0.570923734375 0.1065051671875 0.5736221578125 0.1610806390625 0.57986053125 0.21607832500000002 0.5751728968750001 0.2467130890625 0.57211274375 0.243335384375 0.5571319531250001 0.23689502187499997 0.542457321875 0.222854821875 0.5196731234375 0.2067649125 0.4914503734375 0.17697366406249998 0.4726583515625 0.13755850625 0.45724650625 0.0981433484375 0.4418346625 0.08833718593749999 0.420643228125 0.112856721875 0.4266590609375 0.13415607499999999 0.42533757968749997 0.14726668125 0.4107255546875 0.139812459375 0.401795475 0.102591715625 0.3910015109375 0.046387839062500005 0.36839841875 0.0355311875 0.327559409375 0.0824967375 0.31722455 0.12391306718749999 0.3042188328125 0.1061114 0.302772296875 0.06349987343749999 0.2969511125 0.0282168453125 0.296229990625 0 0.456255671875 0 0.573799771875
2 0.080450184375 0 0.05911175 0.1210162765625 0.0580440953125 0.15721414218750002 0.08241983593749999 0.164050809375 0.10867585312500001 0.16021856406249999 0.1149357875 0.1503219046875 0.10966407656249999 0.137545715625 0.0719973046875 0.12074978125 0.0783891296875 0.10156829999999999 0.0980976203125 0.109274384375 0.13355624531250002 0.11298812968750001 0.17837500625 0.13189134062500002 0.196056690625 0.1510866875 0.182971721875 0.18262700781250002 0.1497322359375 0.2004592765625 0.1272752265625 0.2083461453125 0.075618615625 0.2026224453125 0.047733281249999995 0.190089809375 0.0442969484375 0.2351780890625 0.0610737609375 0.23390534999999998 0.1286389421875 0.2432803484375 0.17448346875 0.2649029953125 0.2213647546875 0.29770890781250003 0.22725192500000002 0.332594528125 0.28029697656249997 0.39018056562500003 0.28147935468749996 0.40054331718749997 0.2641612578125 0.43049103437499997 0.2808299953125 0.45543109375 0.31198495937500004 0.50915731875 0.42932556406250005 0.534924765625 0.41917227500000004 0.5754439078125 0.4624945171875 0.5686975796875 0.4832031375 0.5621948015625 0.4516625890625 0.5447867078125 0.43703256875 0.5168213749999999 0.43349825 0.49419726875 0.42864874999999997 0.470495071875 0.40354947656249995 0.46776177187499995 0.3743379671875 0.44568721718750004 0.376785165625 0.42327162500000004 0.3745165765625 0.3678693375 0.40671839218750006 0.33885364375 0.455299528125 0.3364193546875 0.487260465625 0.34290111875 0.502639659375 0.38369138281250004 0.5233849109375 0.40258072968749997 0.49473668281250005 0.266370003125 0.496605053125 0.24723710468750001 0.48474827343750004 0.2206069578125 0.4746407921875 0.1925928828125 0.4730123875 0.1762281609375 0.457103815625 0.17257686249999998 0.43914462500000007 0.1634868515625 0.40703806875000004 0.1578255984375 0.3665980546875 0.139694478125 0.378537275 0.12318352968749999 0.41193428593750003 0.1129947375 0.45046838749999996 0.124866471875 0.4697299390625 0.126570425 0.4406136890625 0.069818925 0.3596118578125 0.051305171875 0.3369735109375 0.0346205875 0.30795524687500003 0.0455814734375 0.2665260984375 0.050123040625000004 0.2285818203125 0.043432440625 0.2033506578125 0.0499839609375 0.1860078359375 0.0630035421875 0.1555305984375 0.0737071703125 0.1067919359375 0.068497984375 0.0762899734375 0.0622734765625 0.0764099546875 0.0445246671875 0.09622560937499999 0.026017790625 0.1307793640625 0.0092634515625 0.151105125 0 0.080450184375 0
2 1 0.3350121109375 0.9911766468750001 0.32682772031249996 0.9894621609375 0.251214603125 0.9813549406250001 0.19478280625 0.9778334375 0.1806228484375 0.964529590625 0.162199434375 0.5141313515625 0.17670903437500002 0.5502206671875001 0.395465953125 0.716213853125 0.36719419062499997 0.75389253125 0.3924541125 0.7561492125 0.4393924109375 0.7350440140625001 0.47374949375000003 0.7085223953125 0.496151059375 0.693664315625 0.5121473328125 0.6949914015624999 0.5216894125 0.6187062671875 0.5361625171875 0.654082453125 0.5830173578125 0.6951635609375 0.6401862078125 0.7257268781249999 0.6887309765625 0.7313246359375001 0.72525794375 0.7308437953125 0.7962530203125 0.72982166875 0.895923075 0.7300771796875 0.9712789359375 0.737510740625 1 0.7913989828125 1 0.8131168125 0.9867672515624999 0.8667626875 0.955609403125 0.880740621875 0.9360731796874999 0.902474096875 0.932289678125 0.9188528171874999 0.9778559734375 0.9317332374999999 0.885831334375 0.8421808859375 0.9072731484375 0.8243673140625001 0.8973626234375001 0.81749191875 0.8851498515625 0.9512635218750001 0.8148104328124999 1 0.538412134375 1 0.3350121109375