1 0.5416666671875 0.62021851875 0.5833333328125 0.498703703125 0.6358333328125 0.2897574078125 0.665 0.0763648140625 0.6666666671875 0.0511731484375 0.9994791671875 0.45572870312499997 0.9994791671875 0.42312685156249996 0.8091666671875 0.1830611109375 0.7416666671875001 0.1134120375 0.6841666671875 0.0378361109375 0.6591666671875 0.015607407812499998 0.6166666671875001 0.3208768515625 0.5758333328125 0.4794388890625 0.5333333328125 0.6054 0.5416666671875 0.62021851875
1 0.4533333328125 0.5446425921875 0.5 0.5742796296875 0.5225 0.5994722218749999 0.5466666671875 0.5490879625 0.5583333328125 0.498703703125 0.5566666671875 0.4646203703125 0.5433333328125001 0.4572111109375 0.5341666671875 0.4498009265625 0.48666666718749996 0.44091018593750003 0.45999999999999996 0.5090768515625 0.43666666718749997 0.50463148125 0.4533333328125 0.5446425921875
1 0.6708333328125 0.700240740625 0.6741666671875 0.664675 0.6525000000000001 0.6291101859375 0.6075 0.6024361109374999 0.5716666671875 0.57724351875 0.5708333328124999 0.56094351875 0.5558333328125 0.6305916671875 0.5966666671875 0.670602778125 0.6483333328125 0.715059259375 0.6708333328125 0.700240740625
0 0.7116666671874999 0.5209324078125 0.7233333328125 0.4572111109375 0.7325 0.42312685156249996 0.690625 0.39481481406249996 0.65 0.5431601859375 0.6875 0.568352778125 0.7016666671875 0.5238953703125 0.7116666671874999 0.5209324078125
0 0.9994791671875 0.669121296875 0.9241666671875001 0.626146296875 0.9083333328125001 0.6750481484375 0.9958333328125001 0.729878703125 0.9994791671875 0.70765 0.9994791671875 0.669121296875
1 0 0.45276481406249997 0.0258333328125 0.44535555625 0.0491666671875 0.42460925937500005 0.08333333281250001 0.426090740625 0.1616666671875 0.4512833328125 0.2233333328125 0.46906574062499995 0.2925 0.5061129625 0.40833333281249995 0.53426851875 0.46749999999999997 0.56390648125 0.5191666671874999 0.6231824078125 0.595 0.6913490734375001 0.6308333328125 0.743215740625 0.6908333328125 0.7609981484375 0.7466666671875 0.7713712968750001 0.8324999999999999 0.7921175921875 0.9191666671875 0.8069370375 0.9775 0.82471944375 0.9991666671875 0.852875 0.9994791671875 0.8276833328125001 0.9574999999999999 0.79508148125 0.8583333328125 0.7713712968750001 0.7741666671874999 0.759515740625 0.6791666671875001 0.7224685187500001 0.6533333328125 0.7180231484374999 0.5883333328125 0.6720842593749999 0.5458333328125 0.6320740734375 0.5258333328125 0.5920629625 0.4525 0.5298231484375 0.4341666671875 0.5238953703125 0.0533333328125 0.37570648125 0.0141666671875 0.33569537031249996 0.0025 0.322359259375 0 0.366815740625 0.029166667187500002 0.396453703125 0.0375 0.4038629625 0.015 0.41868148125 0 0.4290546296875 0 0.45276481406249997
3 0 0.30962962968749996 0.07416666718750001 0.267528703125 0.0975 0.18454351875 0.1041666671875 0.1386046296875 0.13999999999999999 0.083775 0.145 0.0111620375 0.12166666718750001 0.0037527781250000004 0.07416666718750001 0.05561851875 0.03 0.14305 0.0141666671875 0.1519416671875 0.0216666671875 0.077847221875 0.0325 0.04228148125 0.0125 0 0 0.05561851875 0 0.30962962968749996
3 0.2708333328125 0.079328703125 0.2816666671875 0.020053703125 0.2708333328125 0 0.2408333328125 0.0067166671875 0.2341666671875 0.0585824078125 0.20916666718750002 0.0674740734375 0.2066666671875 0.00968055625 0.1866666671875 0.015607407812499998 0.18416666718750002 0.024499073437499998 0.1933333328125 0.1252675921875 0.215 0.1386046296875 0.24416666718750002 0.14601388906249999 0.2708333328125 0.079328703125
3 0.43 0.26011944374999996 0.47750000000000004 0.2467824078125 0.5033333328125 0.2956851859375 0.5458333328125 0.3119851859375 0.5458333328125 0.3875620375 0.5425 0.4364638890625 0.5916666671875 0.43350092656249994 0.5991666671875 0.3490324078125 0.6075 0.2956851859375 0.6183333328125 0.27790185156249997 0.5700000000000001 0.2527101859375 0.5483333328125 0.223072221875 0.5216666671875 0.1889888890625 0.52 0.134159259375 0.5175 0.11489444374999999 0.49916666718749997 0.083775 0.4875 0.1311953703125 0.475 0.14601388906249999 0.4608333328125 0.1252675921875 0.4583333328125 0.0571009265625 0.4575 0.052654629687499996 0.4375 0.0319083328125 0.40833333281249995 0.0081981484375 0.38333333281250004 0.077847221875 0.37333333281250003 0.09859351875 0.3716666671875 0.034872221875 0.3791666671875 0.0007888890625 0.3241666671875 0 0.3166666671875 0.0096296296875 0.3225 0.12230370312500001 0.34750000000000003 0.17713333281250002 0.385 0.2052898140625 0.43 0.26011944374999996
3 0.8833333328125 0.57724351875 0.9508333328124999 0.6113268515625 0.9858333328125 0.6305916671875 0.9994791671875 0.6380009265625 0.9994791671875 0.597990740625 0.9808333328125001 0.5713166671875001 0.9275 0.53130555625 0.8916666671875 0.5061129625 0.8525 0.4779574078125 0.8291666671875 0.44535555625 0.8066666671875 0.3727425921875 0.7891666671875 0.338659259375 0.7591666671875 0.29272129687500004 0.7291666671875 0.2690111109375 0.7258333328125001 0.26604722187499996 0.6883333328125001 0.2616009265625 0.6683333328125001 0.25715555625 0.6575 0.2541916671875 0.6475 0.27345648125 0.64 0.2986481484375 0.6447916671875 0.3040740734375 0.7258333328125001 0.37718888906250003 0.7833333328125 0.4275731484375 0.8233333328124999 0.5224138890625001 0.8833333328125 0.57724351875
1 0.0041666671875 0.5713166671875001 0.0166666671875 0.5579796296875 0.0416666671875 0.541678703125 0.0758333328125 0.5224138890625001 0.1125 0.497221296875 0.1608333328125 0.4572111109375 0.14750000000000002 0.4572111109375 0.10833333281249999 0.46165648125000003 0.0616666671875 0.4853666671875 0.0358333328125 0.4853666671875 0.0041666671875 0.48370370312500005 0.0008333328124999999 0.4942583328125 0 0.5579796296875 0.0041666671875 0.5713166671875001
3 0 0.8780675921875 0.0183333328125 0.934378703125 0.075 0.9536435187500001 0.1108333328125 0.96994444375 0.17333333281250002 0.9862453703125 0.2375 0.9990740734375001 0.2616666671875 0.9990740734375001 0.2741666671875 0.9921731484375 0.2416666671875 0.9551259265625 0.1775 0.9447518515625 0.1375 0.9314157406250001 0.0991666671875 0.9136324078125 0.0866666671875 0.9047416671875 0.1008333328125 0.8099000000000001 0.1116666671875 0.7476611109375 0.1258333328125 0.6839398140624999 0.1508333328125 0.5816898140625 0.1641666671875 0.5283416671875 0.17333333281250002 0.4853666671875 0.1783333328125 0.46017407343750005 0.16 0.4586925921875 0.1541666671875 0.4942583328125 0.1525 0.5031490734374999 0.14895833281249998 0.4911111109375 0.0991666671875 0.701722221875 0.0716666671875 0.8039731484375 0.0475 0.8676944437499999 0 0.8780675921875
1 0.43666666718749997 0.7269148140625 0.47000000000000003 0.6898675921875 0.4916666671875 0.6972768515625 0.5075000000000001 0.6335555562499999 0.5008333328125001 0.59354444375 0.45416666718750004 0.56390648125 0.41166666718749995 0.5327870375 0.3883333328125 0.5372324078124999 0.3875 0.5448148140625 0.3541666671875 0.6231824078125 0.3333333328125 0.700240740625 0.3591666671875 0.7328425921874999 0.43666666718749997 0.7269148140625
1 0.9099999999999999 0.9990740734375001 0.9283333328125 0.96994444375 0.9525 0.9462342593749999 0.9866666671875001 0.9640166671875001 0.9983333328124999 0.9477157406250001 0.9994791671875 0.916596296875 0.9541666671875 0.858802778125 0.95 0.8558388890625 0.94375 0.8688888890625 0.9066666671875 0.92696944375 0.8825 0.9491981484374999 0.8550000000000001 0.96698055625 0.9099999999999999 0.9990740734375001
0 0.8 0.9990740734375001 0.8191666671875 0.9536435187500001 0.8316666671874999 0.92696944375 0.8458333328125001 0.9002953703125 0.825 0.88399444375 0.7925 0.932897221875 0.7675 0.9714259265624999 0.7466666671875 0.9990740734375001 0.7808333328125 0.9990740734375001 0.8 0.9990740734375001
2 0.05500000000000001 0.8350925921875 0.1208333328125 0.6216999999999999 0.155 0.46906574062499995 0.0375 0.5431601859375 0.0008333328124999999 0.59058055625 0 0.9951361109375 0.25 0.9990740734375001 0.015 0.9284518515625001 0.0041666671875 0.8825129625000001 0.0416666671875 0.8632481484375001 0.05500000000000001 0.8350925921875
3 0.8033333328125 0.17713333281250002 0.8116666671875 0.20084351875 0.8208333328125 0.186025 0.8375 0.18750648125 0.8483333328124999 0.21714444375 0.8508333328125 0.2393731484375 0.8608333328125 0.2541916671875 0.8724999999999999 0.2541916671875 0.8766666671875001 0.2408546296875 0.8758333328125 0.223072221875 0.8833333328125 0.22603611093749998 0.8891666671875 0.20084351875 0.8800000000000001 0.17120648125 0.8766666671875001 0.15490555625 0.8699999999999999 0.150459259375 0.85 0.16231481406249998 0.8416666671874999 0.135640740625 0.8375 0.1267490734375 0.8333333328125001 0.11193055625 0.8258333328124999 0.0971120375 0.8125 0.1015574078125 0.8033333328125 0.12823148125 0.8 0.1534231484375 0.8033333328125 0.17713333281250002
3 0.9258333328124999 0.3268046296875 0.9641666671875001 0.3697796296875 0.9574999999999999 0.3549601859375 0.9491666671875001 0.3327324078125 0.9333333328125001 0.31050370312500003 0.9225 0.28679351875000003 0.9166666671874999 0.2749379625 0.9025000000000001 0.267528703125 0.8958333328125001 0.2630833328125 0.8916666671875 0.2408546296875 0.8791666671874999 0.24381851875 0.8833333328125 0.27074074062500003 0.89 0.2838296296875 0.9066666671875 0.3016120375 0.9258333328124999 0.3268046296875
3 0.0325 0.35051481406249996 0.0783333328125 0.3875620375 0.0858333328125 0.37718888906250003 0.075 0.26604722187499996 0 0.3179129625 0.0116666671875 0.3342138890625 0.0325 0.35051481406249996
3 0.1666666671875 0.40978981406250004 0.1816666671875 0.40238055624999997 0.17250000000000001 0.36236944375 0.17333333281250002 0.3445870375 0.1739583328125 0.3133333328125 0.1541666671875 0.3208768515625 0.1366666671875 0.37570648125 0.145 0.4083083328125 0.1666666671875 0.40978981406250004
3 0.4025 0.5031490734374999 0.43583333281250003 0.50463148125 0.4533333328125 0.4942583328125 0.4783333328125 0.47499351875 0.48250000000000004 0.43498240781249997 0.4783333328125 0.380152778125 0.45499999999999996 0.3653333328125 0.4158333328125 0.35940648125 0.38 0.3727425921875 0.37 0.3875620375 0.37666666718749997 0.381634259375 0.355 0.40534444374999995 0.34750000000000003 0.4631379625 0.3783333328125 0.48092129687499996 0.4025 0.5031490734374999
2 0.38125 0 0.3758333328125 0.034872221875 0.3741666671875 0.077847221875 0.3725 0.0956296296875 0.39249999999999996 0.0571009265625 0.4108333328125 0.012643518749999999 0.4491666671875 0.030426851562500003 0.46166666718749994 0.0897018515625 0.4658333328125 0.12823148125 0.4733333328125 0.1371231484375 0.49000000000000005 0.1267490734375 0.495 0.106002778125 0.4933333328125 0.0808111109375 0.5125 0.0941481484375 0.5208333328125 0.135640740625 0.5291666671875 0.17713333281250002 0.5425 0.20973518593749998 0.5675 0.23048148125 0.5875 0.24826481406249998 0.6008333328125001 0.25715555625 0.615 0.2630833328125 0.6233333328125 0.23344537031249998 0.6375 0.180097221875 0.6408333328125 0.1252675921875 0.6475 0.07191944375 0.6599999999999999 0.0319083328125 0.6591666671875 0.012643518749999999 0.6916666671875 0.040799999999999996 0.7233333328125 0.077847221875 0.755 0.1000759265625 0.8058333328125 0.17861574062500002 0.8074999999999999 0.1074851859375 0.8133333328125 0.1030388890625 0.8341666671875 0.1134120375 0.8458333328125001 0.135640740625 0.8558333328125001 0.14749629687500002 0.8658333328125 0.1519416671875 0.8733333328124999 0.148977778125 0.89 0.18157962968750002 0.8883333328124999 0.229 0.885 0.24826481406249998 0.9016666671875001 0.2527101859375 0.9208333328125 0.2630833328125 0.9349999999999999 0.2853120375 0.9433333328125 0.30309444375 0.9516666671875 0.3327324078125 0.9591666671875 0.35051481406249996 0.9691666671875 0.3712611109375 0.9994791671875 0.40978981406250004 0.9994791671875 0 0.38125 0
2 0 0 0 0.0503703703125 0.0108333328125 0.0111620375 0.031666667187500004 0.0393175921875 0.0225 0.0822925921875 0.0166666671875 0.12823148125 0.0158333328125 0.14601388906249999 0.0375 0.1326768515625 0.0533333328125 0.09118425937499999 0.0808333328125 0.0511731484375 0.10333333281249998 0.020053703125 0.125 0.0037527781250000004 0.14250000000000002 0.0067166671875 0.1433333328125 0.0378361109375 0.13999999999999999 0.0867388890625 0.1241666671875 0.11489444374999999 0.10833333281249999 0.1297129625 0.0975 0.1534231484375 0.0975 0.191952778125 0.0858333328125 0.23196388906249998 0.06999999999999999 0.25863796250000004 0.08249999999999999 0.2838296296875 0.0866666671875 0.366815740625 0.1375 0.40534444374999995 0.13916666718749998 0.3860796296875 0.1341666671875 0.34606944375 0.15 0.3149490734375 0.16833333281250001 0.3060583328125 0.17916666718750002 0.3490324078125 0.17916666718750002 0.381634259375 0.185 0.4008990734375 0.1858333328125 0.41719999999999996 0.20166666718749998 0.42164537031249993 0.22749999999999998 0.4364638890625 0.25166666718749997 0.45276481406249997 0.2708333328125 0.45424722187500005 0.4 0.5061129625 0.385 0.482402778125 0.34750000000000003 0.46017407343750005 0.3466666671875 0.4275731484375 0.35750000000000004 0.380152778125 0.3916666671875 0.353478703125 0.4458333328125 0.3653333328125 0.4683333328125 0.366815740625 0.485 0.3994166671875 0.48333333281249996 0.42460925937500005 0.5058333328125 0.43350092656249994 0.5275000000000001 0.44091018593750003 0.5525 0.46017407343750005 0.5641666671875 0.4942583328125 0.5741666671875 0.47499351875 0.5883333328125 0.43350092656249994 0.5466666671875 0.4364638890625 0.5416666671875 0.31643148125 0.49416666718749996 0.2764203703125 0.4725 0.2556740734375 0.44000000000000006 0.267528703125 0.43 0.2645648140625 0.3825 0.2023259265625 0.3491666671875 0.1904703703125 0.325 0.1386046296875 0.3116666671875 0.0897018515625 0.31416666718749997 0.0215351859375 0.3183333328125 0.005234259375 0.2733333328125 0.0007888890625 0.2808333328125 0.030426851562500003 0.27749999999999997 0.0822925921875 0.2658333328125 0.1030388890625 0.2425 0.1326768515625 0.20916666718750002 0.1400861109375 0.1933333328125 0.11933981406250001 0.1825 0.07191944375 0.185 0.0363546296875 0.1808333328125 0.015607407812499998 0.2008333328125 0.012643518749999999 0.2108333328125 0.052654629687499996 0.2225 0.060064814062500006 0.23333333281250002 0.05561851875 0.2416666671875 0.030426851562500003 0.2391666671875 0.005234259375 0.2033333328125 0 0 0
2 0.9994791671875 0.9091870375 0.9994791671875 0.8543574078124999 0.9566666671874999 0.8232370375 0.9241666671875001 0.8084185187499999 0.85 0.79508148125 0.7516666671875 0.77878055625 0.6816666671875 0.7669259265624999 0.6466666671875 0.7550703703125 0.6041666671875 0.7165416671875 0.5549999999999999 0.6661574078125 0.515 0.6231824078125 0.4875 0.6957953703124999 0.4783333328125 0.69283148125 0.45999999999999996 0.7046861109375 0.43333333281249997 0.7269148140625 0.3958333328125 0.7417333328125 0.35 0.7313601859375 0.33166666718750004 0.6898675921875 0.3883333328125 0.53130555625 0.17916666718750002 0.457777778125 0.0866666671875 0.8988138890625 0.1025 0.9151148140625001 0.1158333328125 0.9210416671875 0.16999999999999998 0.9388249999999999 0.24416666718750002 0.9536435187500001 0.27 0.9936546296875 0.2608333328125 0.9990740734375001 0.7316666671875 0.9990740734375001 0.8241666671875001 0.8795490734375001 0.835 0.888440740625 0.8416666671874999 0.9077046296875 0.805 0.9921731484375 0.8978632390625 0.9954683203125001 0.8558333328125001 0.9714259265624999 0.8633333328124999 0.9506796296875001 0.885 0.94030648125 0.925 0.8928861109374999 0.9550000000000001 0.858802778125 0.9994791671875 0.9091870375