1 0.48878087968750006 1 0.063892546875 0.6975692546875 0.0889065859375 0.694149365625 0.29974480312499996 0.65016823125 0.5045199 0.5832207625 0.6228321921875 0.5331791499999999 0.6074684671874999 0.5258998015625 0.48477884062500004 0.5770828765625 0.3294514421875 0.628877471875 0.027890268750000002 0.6925684640624999 0.051808735937499996 0.7159569703125 0.1312115609375 0.7680449921875 0.205399534375 0.8305220921875 0.452863165625 1 0.48878087968750006 1
1 0.5027759890625 0.5582816609375 0.5522236890625 0.5431287859375 0.6007994328125 0.515506359375 0.5740986875 0.494818515625 0.5412785421875 0.4503329 0.5002022890625 0.43649786874999996 0.50626448125 0.45946426875 0.4401240390625 0.49082104375 0.45230655468750003 0.53758515 0.4603381234375 0.5462125765625 0.46865942031249996 0.5589965875 0.5027759890625 0.5582816609375
1 0.6394335421874999 0.643122246875 0.6764231125 0.662255259375 0.7116696953125 0.656449103125 0.7248825953125 0.632970225 0.6769303234375 0.58453054375 0.6341682890625 0.5465877109374999 0.565736146875 0.5664095812500001 0.582054571875 0.5661038546875 0.6096854031250001 0.600092553125 0.6394335421874999 0.643122246875
0 0.5356465375 0.7096908875 0.5379047171875 0.6995085609375 0.5812656125 0.6822752109375 0.5535185203124999 0.6466239046875 0.40836836718749997 0.6974979953125 0.439532490625 0.7372960421875 0.47289428906250003 0.72577410625 0.5356465375 0.7096908875
0 0.763906315625 0.9785899796875001 0.7031056328124999 0.8951279124999999 0.65542738125 0.9143338984374999 0.70355123125 0.9864651562500001 0.7419860796875 0.9837775296875 0.763906315625 0.9785899796875001
1 0.332261934375 0.0105084390625 0.2880881375 0.0161034765625 0.3022055875 0.026811443750000004 0.3448513625 0.0630916671875 0.5192448609375 0.4326601765625 0.52643706875 0.45053535 0.59364074375 0.5193484171875 0.6349495187499999 0.5365086640625 0.6778268921875 0.5761141656250001 0.7281880468749999 0.63775129375 0.73442463125 0.66321160625 0.7780084734375 0.7553959078125 0.7957063203125 0.8385305453124999 0.8262762640625001 0.935801709375 0.8617270187500001 0.9754044265624999 0.8868355203125 0.97333540625 0.8572371593750001 0.95368555 0.8354289421875001 0.8967347531250001 0.8146000359375 0.811312953125 0.787916846875 0.7271358953125 0.7736742296875 0.6721621625 0.7517497515625 0.6135487562499999 0.697509821875 0.5814207484375 0.6242193406250001 0.5105272078125 0.5614837234375 0.46312127812500004 0.5277906984375 0.4061661765625 0.49162360312500003 0.292579040625 0.449841803125 0.22616514375 0.4278010640625 0.1658891328125 0.39720558281249996 0.0895039609375 0.3933443640625 0.0555238671875 0.4124124734375 0.0308001828125 0.4180016390625 0.004512934375 0.3943492125 0.0061668734375 0.38504767968750003 0.021853928124999998 0.371834778125 0.0453328078125 0.3638622640625 0.03753661875 0.332261934375 0.0105084390625
3 0 0.17823361875 0.059676571874999994 0.1699113296875 0.11187303281250001 0.1303405640625 0.15723497343749998 0.12048560156250002 0.238390359375 0.09142035312499999 0.275215125 0.014497540625 0.0218227734375 0.032216459375 0 0.038749696875 0 0.0613593453125 0.010785309375 0.06556763593750001 0.045508718749999996 0.0522797515625 0.1188995 0.039629454687499996 0.11113397031250001 0.056044470312500004 0.026996378124999998 0.1062024609375 0 0.1346350671875 0 0.17823361875
3 0 0.3129621796875 0.0059926640625 0.315677878125 0.064367578125 0.3007361171875 0.12903015 0.2694826875 0.11960437500000001 0.2409039125 0.10478843593750001 0.22022036875 0.00362595 0.2181052890625 0 0.2194038515625 0 0.2413292609375 0.0482401765625 0.24004660625000002 0.0411140828125 0.26560595781249996 0 0.273839621875 0 0.3129621796875
3 0 0.4123923125 0.027053168750000002 0.4044249546875 0.0907355046875 0.40164258750000004 0.070737309375 0.41306541562500004 0.003001809375 0.442862990625 0.028688801562499998 0.47030467031249995 0.050779690625 0.48880876406249996 0.05527328593750001 0.48932990781249996 0.1234482921875 0.48706875156249996 0.1451322703125 0.499753721875 0.1312218046875 0.513256959375 0.08473077343749999 0.5282030859375 0.11705327968749998 0.5443209765625 0.1364455578125 0.5454710406250001 0.1912578875 0.5433089265625 0.22711836718749998 0.5675331 0.258195525 0.5870795484375 0.28669738749999996 0.6335378625 0.3036817078125 0.6214904156250001 0.356317675 0.6094560687499999 0.4400572578125 0.5960821125 0.439583309375 0.5468285265625 0.391033103125 0.5535649609375 0.31564035156250003 0.5588369359375001 0.2964154078125 0.51757749375 0.24582971250000002 0.495218375 0.255820828125 0.4469037375 0.19798571874999998 0.40583807812500006 0.1672819578125 0.37039352187499996 0.110841978125 0.3492791421875 0 0.35128422812500004 0 0.4123923125
3 0.2657770890625 0.6742630609375 0.269489453125 0.684863253125 0.2753191234375 0.704504440625 0.28237045625 0.741602934375 0.285559646875 0.7447213984375 0.3113047703125 0.77299438125 0.359223525 0.7997168328125001 0.3944445703125 0.8147966703125 0.4684501734375 0.8321766374999999 0.5026002593750001 0.8531789406250001 0.5334193578125 0.89028616875 0.561050190625 0.924274865625 0.60468418125 0.9746872484375 0.6325939453125 0.9914269718750001 0.67250666875 0.988636003125 0.664163571875 0.975540253125 0.6425042078125001 0.9419693562499999 0.6037953390624999 0.8770113171875 0.5449138828125 0.8209821953124999 0.44751391093750004 0.7876953890625 0.3932413875 0.733850084375 0.31465149531250003 0.6581060640625 0.3089045375 0.6537045625 0.28429740937500003 0.662943575 0.2657770890625 0.6742630609375
1 0.48893921249999994 0 0.4594522125 0.002449796875 0.449155815625 0.006511264062499999 0.4530236828125 0.0379847890625 0.45482572499999996 0.0637551953125 0.43442859843750004 0.11196212187500001 0.43272618593749995 0.151343475 0.433656271875 0.16464432812500002 0.4701974328125 0.11363776249999999 0.49277091874999995 0.07530306718749999 0.509605459375 0.039875784375 0.524122765625 0.013799589062500001 0.5365553578125 0.00039969374999999994 0.5348710359375 0 0.48893921249999994 0
3 0.8385902249999999 0 0.8352339546875 0.0229532 0.7733536625 0.0515059703125 0.6732701171875 0.08607164687499999 0.466645334375 0.1504335109375 0.478901028125 0.15312682500000002 0.4701482046875 0.15540961874999998 0.43507601406249996 0.16370968125000002 0.4378327546875 0.1818950125 0.46261519843750004 0.1751498453125 0.5048460796875001 0.163007725 0.5571341859375 0.1459854921875 0.6573911984375 0.113913790625 0.71996905625 0.0953366625 0.781300640625 0.0801881515625 0.8749230609374999 0.059440175 0.8846641 0.07128953906249999 0.9050781125 0.108288990625 0.9211719953124999 0.1472612734375 0.9359968406249999 0.21054797500000003 0.9752209031250001 0.24038452187499998 0.9812330609375 0.22743358749999998 0.9795472796875 0.20332578906249998 0.9622737859375 0.1402103140625 0.9416527890624999 0.07899965625000001 0.9228919640625 0.04439070625 0.9042533828125 0 0.8385902249999999 0
1 0.5605536359375 0.44982042343749995 0.5933747046875 0.49430597187499997 0.6337533953125 0.49816536562499997 0.6962149906249999 0.4779256296875 0.687312390625 0.456828584375 0.7219441515625 0.4209921671875 0.7224513625 0.3432674515625 0.6881268859375 0.3197712359375 0.612709521875 0.3459291390625 0.53685804375 0.3846479203125 0.5293522390625001 0.3860081453125 0.5265453484375 0.409594734375 0.5605536359375 0.44982042343749995
1 1 0.8353490046875001 0.9906065625 0.8215603203124999 0.974785775 0.8502337703125 0.9542970000000001 0.8758921640624999 0.8989447296874999 0.916936659375 0.8863624968750001 0.92408175625 0.8896098171875 0.9280315234375 0.9504233953125001 0.969202171875 0.9813871031250001 0.965888346875 0.9968344968749999 0.9531130046875 0.976712059375 0.9202700046875 0.99867870625 0.8945082671875 1 0.893541753125 1 0.8353490046875001
0 1 0.7243472796875 0.9889374140625 0.7339633734375 0.9522464749999999 0.7615901015625 0.90572990625 0.79742221875 0.923444384375 0.8170677062499999 0.9490652640624999 0.8010748609375 0.9748024078125 0.7867446203124999 1 0.773975325 1 0.7243472796875
2 0.55075008125 0 0.51079268125 0.035615925 0.4450751109375 0.1579982671875 0.594954215625 0.1132676015625 0.8032346921875 0.0327091203125 0.8303915765625 0.017444234375 0.8378648890625 0 0.55075008125 0
2 0.898762553125 0 0.9804192359374999 0.215795340625 0.9619097921875 0 0.898762553125 0
3 0.1603617640625 0.8662508015625001 0.1875521640625 0.8727031453125 0.17712061875000001 0.8934814281250001 0.182021128125 0.899821696875 0.198514865625 0.902009815625 0.22871914375000002 0.9090867781249999 0.2534434546875 0.90151030625 0.2499636125 0.8942353265625 0.26776083281249996 0.89382619375 0.2807747296875 0.88873933125 0.2799609046875 0.8771010828125 0.26448091875 0.86815913125 0.2421319703125 0.8672158171875 0.211810509375 0.8584763125 0.2091700296875 0.8419535874999999 0.22331301718750002 0.8317755640625 0.1990792828125 0.8251164687499999 0.175194334375 0.8234451937499999 0.1502965546875 0.8285276890625 0.1243268921875 0.839532715625 0.1208224359375 0.8531436625 0.13612803125 0.85959170625 0.15120110312499999 0.8627145359374999 0.1603617640625 0.8662508015625001
3 0.296171971875 0.9177359078125 0.30455139999999997 0.9313512218750001 0.31678498906249997 0.93634334375 0.3411931125 0.9454963484375 0.3644721453125 0.9597405171875 0.3872270828125 0.9665030187499999 0.40247547031249997 0.9721196937500001 0.35693115625 0.9368775218750001 0.3304629328125 0.9195148921875 0.311561234375 0.9041292625 0.2980391859375 0.8983918703124999 0.27089189375 0.8961133531250001 0.2688071796875 0.9087896546875 0.2912723875 0.9113955734375001 0.296171971875 0.9177359078125
3 0.300553325 0.0244208765625 0.28347828124999996 0.013919724999999999 0.23697061718749998 0.09235499999999999 0.34859724375 0.0954090921875 0.3584219515625 0.0872037671875 0.3182678015625 0.044066365625 0.300553325 0.0244208765625
3 0.3804125421875 0.1892517 0.386757403125 0.17377139531250002 0.38376814062500003 0.15226085 0.3506644015625 0.14622200624999998 0.2971890734375 0.1675040984375 0.2910445265625 0.1877737625 0.3221785015625 0.1849701359375 0.339859459375 0.18289839531250002 0.3804125421875 0.1892517
3 0.353877790625 0.4258456671875 0.3625223328125 0.46450348906250005 0.37893332968750004 0.48674623125 0.4339200484375 0.4870780265625 0.47354304375 0.480130475 0.4910170171875 0.45384752968750003 0.500144159375 0.4356665640625 0.496340146875 0.40251783750000003 0.47248073437500004 0.3799605703125 0.45258989375 0.3504428484375 0.39546033125 0.36195605 0.37331929375 0.38522387812500003 0.3787675890625 0.37815995 0.3646818078125 0.3891693421875 0.353877790625 0.4258456671875
2 0.438147159375 1 0.40430212499999996 0.9770041718750001 0.3829088 0.9684757203125001 0.3646465375 0.9622344265624999 0.334499465625 0.9559888328125 0.31617907343749996 0.9489162375 0.2930163 0.936334675 0.281331421875 0.9179382921875 0.2757342703125 0.90162231875 0.25674890625 0.9062913765625 0.2095603109375 0.9112618625 0.1758752671875 0.8969099843749999 0.1783087625 0.889221503125 0.17317665625 0.8795559562499999 0.160652415625 0.8704073171875001 0.13766403437500002 0.8603196671875001 0.1258628953125 0.8402606765625 0.1298914484375 0.8341313953125 0.200732471875 0.8275069703125 0.118838021875 0.7822761265625 0.0944545109375 0.75223719375 0.05528857968749999 0.72323195 0.0249336 0.6927752140625001 0.044209615625 0.692262671875 0.08325130625 0.6770020875 0.13600445781249998 0.66663028125 0.1904680046875 0.659480346875 0.2426979828125 0.641626809375 0.27168244375 0.6312463375 0.264780890625 0.6175276796875 0.2549817203125 0.6048470140625 0.23584657656250002 0.586136234375 0.21340690625 0.562644321875 0.179954384375 0.551617659375 0.1379815609375 0.5461990015625 0.0960087390625 0.5407803453125 0.081367190625 0.5225907109375 0.10661375312500002 0.5224960359375 0.1269607296875 0.516061028125 0.136146925 0.4987113015625 0.12675374374999998 0.491849821875 0.08802731875 0.49038099687500003 0.028024754687499997 0.4820462609375 0.0076107421875 0.44504680781249994 0.0506809859375 0.4236569421875 0.0877207046875 0.401018034375 0.070097875 0.4039210796875 0.0273438203125 0.40858147031250003 0 0.4148084609375 0 0.517460384375 0.033742456250000004 1 0.438147159375 1
2 0 0.351223003125 0.009737623437499999 0.347995365625 0.0775638484375 0.3407463890625 0.1272775875 0.3506359578125 0.1807027671875 0.371125784375 0.194854659375 0.40355091718749997 0.26025536875 0.4465936453125 0.263909603125 0.456362534375 0.25435093593749997 0.489610303125 0.2765580859375 0.509777003125 0.3197851640625 0.5543702625 0.4398739625 0.5509850453125 0.43982473750000006 0.5927568984375 0.48022803906249995 0.575730365625 0.49874835937500006 0.564410878125 0.46393330156249996 0.555150228125 0.44297242812500004 0.5315549078124999 0.434069828125 0.5104578640625 0.4236303 0.48863292343750003 0.3986153359375 0.492052878125 0.364931215625 0.47770093593749996 0.3618828984375 0.45535915156250006 0.3462786703125 0.4021513703125 0.370504421875 0.3662072421875 0.41705358437499995 0.352092421875 0.449633225 0.3506495984375 0.47442365000000003 0.38650765468750004 0.49912242500000004 0.3998171765625 0.4383728140625 0.2745831234375 0.43555701874999997 0.2555665546875 0.41761002031250005 0.2325958515625 0.40102555625 0.20785913437499998 0.39548653749999996 0.1923744625 0.3791671890625 0.1926802546875 0.35954239062500004 0.188204978125 0.3270199546875 0.1904791671875 0.2833948671875 0.1826699421875 0.2909850828125 0.1637610828125 0.3209251671875 0.145795471875 0.3611866734375 0.147992321875 0.3802882984375 0.14498587031250001 0.3383074953125 0.096963990625 0.2552328828125 0.0985962921875 0.22923062500000002 0.0878840234375 0.20372600468750002 0.1055394765625 0.164626184375 0.11996875781250001 0.1261904109375 0.12265644843750001 0.10329367812500001 0.13511733125 0.0896157328125 0.151945784375 0.06263324218750001 0.1697045796875 0.014082109374999999 0.176441078125 0 0.17704756093750001 0 0.2161073 0.015510757812500001 0.218109590625 0.0508145453125 0.21313480468749998 0.0988750984375 0.2206338703125 0.12067533593749999 0.234981446875 0.11560934062499999 0.268750425 0.08767122499999999 0.29409435781250004 0.067789290625 0.3071797953125 0.0162824140625 0.314122978125 0 0.3111930734375 0 0.351223003125
2 1 0.49581331874999995 0.98117493125 0.2266022828125 0.9764081234375 0.23612466250000003 0.934692434375 0.21314529218749997 0.9147364078125 0.140192978125 0.8932179187499999 0.0873987609375 0.8863754171875 0.07451134375 0.8690097234374999 0.0598536765625 0.435500428125 0.182893475 0.523439825 0.38642158125 0.6776627453125 0.318832225 0.7203331328125 0.334226521875 0.7338781828125 0.3792246125 0.7217116296875 0.4176669515625 0.7013972468749999 0.44581925624999996 0.6908503625 0.4649348671875 0.6944464671875 0.4738724546875 0.6239286890625 0.5063706906250001 0.6695892625 0.5432754671875 0.72328048125 0.5888077390625 0.76467998125 0.628516584375 0.778948134375 0.662604325 0.795656840625 0.7316068718750001 0.81877744375 0.8285635734374999 0.8372555984375 0.9016192296875 0.8543051046875 0.9330063734375 0.888336115625 0.9735437375 0.943032184375 0.9697190156250001 0.8896679484375 0.9288628265625001 0.9215755609375 0.8965583718750001 0.966090159375 0.8533479312500001 0.9749266484374999 0.83101045 0.9950992359375 0.8220815296874999 1 0.8294102593750001 1 0.7762921984375 0.93054494375 0.8123943468749999 0.9108629374999999 0.8070877 0.901237234375 0.7969010078125 1 0.70879469375 1 0.49581331874999995