3 0 0.18358226718749998 0.0195468609375 0.1960826328125 0.033362198437500004 0.19431550625 0.050901296875 0.1751421359375 0.0538366921875 0.160384953125 0.061640698437499995 0.1500665484375 0.1039253421875 0.1076913 0.127280715625 0.057963324999999996 0.121564971875 0.0196683140625 0.0596129546875 0.02291508125 0.046858564062500004 0.0272343484375 0.0183850078125 0.0323774203125 0 0.045605534375 0 0.18358226718749998
3 0.7150273234375 0.17997442187499998 0.6935527765625 0.2655906484375 0.699836690625 0.27934312031249997 0.6231493046875001 0.5498732125 0.6162972140625 0.560663278125 0.6338993328125 0.61346024375 0.649157234375 0.6215269296875 0.6731983171875 0.6202669890625 0.6904669578125 0.6136249484375 0.71681649375 0.585645075 0.7251907984375 0.56851665625 0.741580796875 0.49203322031249996 0.8392563328125 0.16198979687499998 0.83433320625 0.1565107796875 0.8202998015625 0.15411695 0.7675398390625 0.1558388859375 0.7289223125000001 0.1620351296875 0.7200028421875 0.16876115625000002 0.7150273234375 0.17997442187499998
3 0.3591051875 0.781092425 0.3954508390625 0.7950426937499999 0.3855280390625 0.80390749375 0.3627662265625 0.8226244062499999 0.3586783328125 0.8578866765625 0.4152621015625 0.8615970624999999 0.47075801406249995 0.8728747515625 0.551455609375 0.8836661546875 0.554673715625 0.860132146875 0.520288184375 0.8552584 0.466577015625 0.8497285140624999 0.402201621875 0.8389161765625 0.43079586093750005 0.8182246484375 0.45068167187499997 0.772955196875 0.4026284765625 0.762121928125 0.5010698765625 0.6301223359375 0.5291868453124999 0.6286487875 0.5945183328125 0.6293972937500001 0.6496662640624999 0.63401740625 0.7086855765625 0.6275864265625 0.6917527906250001 0.6159566812499999 0.6888375015625 0.6169439437500001 0.645616103125 0.613367740625 0.6229381187499999 0.6053769984375 0.582763775 0.6033100609375001 0.52909621875 0.5986123671875 0.4448316125 0.6046974421875 0.4028784015625 0.653626825 0.36963021875 0.698762090625 0.33651195 0.746393978125 0.33812564218749996 0.7771850546875 0.3591051875 0.781092425
3 0.8466823828125 0.8256356515625001 0.8306630015625001 0.8031098374999999 0.7819556078125001 0.7797936984375 0.7263690656249999 0.7384795859375 0.671794909375 0.8014220375000001 0.631888121875 0.8610923734375 0.603384509375 0.9118203250000001 0.6213606140625 0.915050621875 0.6780316109375 0.9204253906250001 0.6911783921875 0.9447707062499999 0.670071409375 0.9667388000000001 0.6241153484375 0.9858367937500001 0.672859259375 0.9916270031250001 0.694228846875 0.974652009375 0.7286545890625 0.9519859078125 0.7314374875 0.9201299390625 0.7172464609375 0.9041841187499999 0.6854273140625 0.8916655812500001 0.690474703125 0.8747115203125 0.7194614609375 0.8615097109375001 0.7711688953125 0.857130884375 0.8376318515625 0.851144278125 0.8466823828125 0.8256356515625001
3 1 0.5045990140625001 0.9909758500000001 0.3324079625 0.9781211140625 0.332247175 0.9713325953125 0.3442856234375 0.9783911468750001 0.422356534375 0.9735652265624999 0.471843590625 0.944451028125 0.5109208640625 0.9340518843750001 0.5390036 0.9402793078125 0.5728907890625 0.9695302234375 0.5930542140624999 0.9593927578124999 0.626130096875 0.9693214343750001 0.6740094203125 0.92644894375 0.67709075 0.8571133874999999 0.68489685625 0.8905864375 0.700666625 0.9124818625 0.7220500125 0.9017338109375 0.74347521875 0.8187776046874999 0.7745260296875001 0.8002370031250001 0.788849334375 0.8410089890625001 0.8075744890625 0.8975150749999999 0.7762409140625001 0.9836525765624999 0.7775679765625 1 0.7572781734375 1 0.5045990140625001
3 0.5565809453125 0.7832603140625001 0.5964499953125 0.7795019125 0.5784327546875 0.8038115093749999 0.559415809375 0.8373527468749999 0.5496238515625 0.8487141218750001 0.560462528125 0.8573253375000001 0.5526297671875 0.8777632828125 0.5440555796875 0.8840539749999999 0.581009340625 0.8812828328125001 0.6728784390625 0.76548274375 0.7294999453125001 0.7132811953125 0.7674534125 0.701278415625 0.7506950796875 0.692977434375 0.685537121875 0.6955577421875 0.6491076453125 0.7083151296875 0.65620485625 0.730474059375 0.6214302093749999 0.7464826296875 0.5703324359375 0.76251218125 0.5391684140625 0.762476465625 0.5565809453125 0.7832603140625001
1 0.469835940625 1 0.5730893515625 0.9000563953125 0.6776264109375 0.7994474671875 0.71653349375 0.7490087703125 0.77276495625 0.7176895890625 0.8487145765624999 0.6945162671875 0.9338044359375001 0.6758707875 0.984294096875 0.6765626453125 0.9670996328125 0.659939753125 0.9095597718749999 0.666293196875 0.8155904328125001 0.6854040296874999 0.7496072218750001 0.7005447390625 0.7053022953125 0.7329078328125 0.6720095734375 0.7772109546875 0.6186531875 0.8350827234375 0.5837501765625001 0.8769668078124999 0.5449278453125 0.9006978 0.508676221875 0.9451559921875001 0.45327341250000003 0.9922868093749999 0.44567257343750005 1 0.469835940625 1
1 1 0.797753090625 0.84799136875 0.9761901406250001 0.8695499796874999 0.9788154484374999 0.877730721875 0.9650350828125 0.904409378125 0.9360991750000001 0.9407918421874999 0.8941375562499999 0.9829195046875 0.8485369359374999 1 0.8309529875000001 1 0.797753090625
3 0.1569034125 0.9435641765625 0.163432728125 0.95490466875 0.1633455015625 0.9532402859375001 0.181584209375 0.96146368125 0.21840620781250003 0.9561960140625001 0.2254127921875 0.948318521875 0.19403070312499998 0.9441218499999999 0.1569034125 0.9435641765625
3 0.2553343859375 0.95509516875 0.28534798437500003 0.9593635609375 0.3105060515625 0.9580450812500001 0.3011032109375 0.9485241406249999 0.2716376296875 0.9525717968749999 0.2641939875 0.9521274249999999 0.2553343859375 0.95509516875
3 0.43015041875 1 0.45928029375 0.9936409546875 0.4858271828125 0.962208521875 0.4632800375 0.956714353125 0.4091361359375 0.9712345906250001 0.39477405781249997 0.9803320453125 0.390447590625 0.9855656484375 0.42123663125000005 1 0.43015041875 1
3 1 0.7619231296875 0.968333484375 0.7967293093750001 0.9478361625 0.8303481296875 0.9235076734375 0.8474781953124999 0.9035739218750001 0.8635434640625 0.8817255140625001 0.8713643046874999 0.840595078125 0.8793612 0.81870213125 0.8863498984374999 0.82306951875 0.8898761593750001 0.849389809375 0.9056035484375 0.8617079390625 0.9141372296875 0.858228153125 0.9326780906250001 0.9027956859374999 0.905308096875 0.9377859234375 0.8650883953124999 0.9685104140625 0.8284301609375 1 0.7922343015625 1 0.7619231296875
3 0.8944171546874999 0.22377090625 0.89302910625 0.21497733281250003 0.8816878984375001 0.2108777671875 0.8687427 0.21155619531249997 0.8562881515624999 0.2215967765625 0.8562357609375001 0.23828906249999998 0.8706780390625 0.24848468437500001 0.8762532406249999 0.24871404843749997 0.884329828125 0.2435968390625 0.8944171546874999 0.22377090625
3 0.9813809234375 0.1493258828125 0.9519423093749999 0.14419287812499998 0.871898915625 0.14588434374999998 0.830681253125 0.15221685625 0.8323787703125 0.156300278125 0.851966090625 0.1619495640625 0.944065934375 0.1637986328125 0.9721402156250001 0.16149284531250002 0.9813809234375 0.1493258828125
2 0 0.06498593281250001 0.00446875 0.045310965625 0.02892900625 0.030677428125 0.050864640625 0.02452096875 0.0567243265625 0.02306646875 0 0.0260392640625 0 0.06498593281250001
2 0.4053273984375 1 0.3911625078125 0.9963763812499999 0.37718955 0.98459151875 0.416491628125 0.9700146296875 0.46776385156250005 0.9573138421875 0.5097170640625001 0.9083844578125 0.5245564109374999 0.8800690203125001 0.4670592390625 0.8872547046875001 0.40203056875 0.86395945 0.339265465625 0.855566153125 0.343655253125 0.797757184375 0.3160146296875 0.7800127984375 0.33329044375 0.7415559484375 0.4476169859375 0.6012135578125 0.5246133265624999 0.598012828125 0.6349082671875 0.6072531 0.6144888921875 0.5574201390625 0.6994219265625 0.2809295015625 0.6841875828124999 0.2733831296875 0.3246658375 0.265521603125 0.3478981171875 0.17084263125000002 0.049748946875 0.18146110625 0 0.21678160625 0 0.4969056453125 0.025151659375000003 0.9496345171874999 0.1541180390625 0.947048059375 0.1834973171875 0.9413359734375 0.21905700625 0.9403068453125 0.2402110015625 0.94754298125 0.26711019999999996 0.9511401156250001 0.3085904671875 0.9498007046874999 0.30310694531250004 0.9584328531249999 0.2691139359375 0.9610488265624999 0.23790537500000003 0.9601809671874999 0.2182753671875 0.9536994406250001 0.17126889218750002 0.9628387609375 0.1587753828125 0.9509763640625 0.0238030484375 0.9522086265624999 0.0263076890625 1 0.4053273984375 1
2 0.8820499875 0.6510453843749999 0.958308303125 0.6620694406250001 0.9489868109374999 0.59746875625 0.9267826953125 0.5418879921875 0.9280852156250001 0.51010960625 0.9626983499999999 0.47575100625 0.8208348546875 0.4740065109375 0.880048725 0.2447599890625 0.8503205406250001 0.243814546875 0.855019021875 0.2202029546875 0.873734075 0.2092084171875 0.8930127000000001 0.180660328125 0.8994523140625 0.16196434843750002 0.8431302234375 0.1632471109375 0.7001961375 0.607169415625 0.690709471875 0.6243561296875 0.8594165390624999 0.6438867828125 0.8820499875 0.6510453843749999
2 0.49041521406250005 1 0.6119670515625 0.99064584375 0.6020326140625001 0.9890802937500001 0.6723324984375 0.9532686703125 0.6874335265625 0.9299463812500001 0.6511324125 0.91682825625 0.59746485625 0.9121305609375 0.5595550031250001 0.9249655328124999 0.4917493125 0.9902703734375 0.47760718593749996 1 0.49041521406250005 1
2 0.8776846328125 0.9358308046875001 0.83781218125 0.91121716875 0.8295844234375 0.8957933046875001 0.841900078125 0.8759548984375 0.8815074484375 0.8672033499999999 0.9214603234375 0.8367372906250001 0.9494003640625 0.8035628921875 0.9647290234374999 0.779818896875 0.9051322468749999 0.7800140984375 0.857387746875 0.80337820625 0.8494677578125 0.8221517687500001 0.84934031875 0.8480272328125 0.7269041796875 0.8619541312500001 0.700139221875 0.889225609375 0.7232524171875 0.9055383140625001 0.74967526875 0.9283533828125 0.7799704281250001 0.9401173125 0.7925938515625 0.9544763328125001 0.7774492093750001 0.9769664296875 0.8295500890625 0.980077278125 0.8488723265625 0.9523613781250001 0.8776846328125 0.9358308046875001
2 1 0.8292522734375 0.8667209921874999 0.981467140625 1 0.9744822828125 1 0.8292522734375
0 0.6839695156250001 0.2692221734375 0.7105071296875 0.1526735765625 0.9809884046875 0.1418361609375 0.9767579140624999 0.061113607812500005 0.10140719375 0.111161178125 0.051380193750000004 0.17720323124999998 0.3522074796875 0.16811335624999998 0.3305854921875 0.2652113671875 0.6839695156250001 0.2692221734375
0 0.7758355171875 0.9461753515625 0.7468026703125 0.9301728828125 0.7318760953125001 0.9568239374999999 0.6985240375 0.99028196875 0.7675264109375 0.98583123125 0.765698053125 0.9792512359375 0.7913760796875 0.9595470140625 0.7758355171875 0.9461753515625
2 0.49685875468749996 0 0.1247975734375 0.0194989 0.123421703125 0.021552890625 0.1298235796875 0.0587688453125 0.0998354703125 0.11103492968749999 0.9757415625 0.060332393750000005 0.9732700124999999 0 0.49685875468749996 0
0 0.9694596984375 0.3368734859375 0.990801396875 0.3290791984375 0.9816862171875 0.1551512203125 0.9038636609375 0.166948640625 0.8267108953125 0.472864084375 0.96747204375 0.46882501249999997 0.9661979796875 0.359575303125 0.9694596984375 0.3368734859375
0 0.7179634546875 0.69135491875 0.744600971875 0.68995890625 0.7729360078124999 0.692646315625 0.9344561578125001 0.6599815703125 0.7611353609375 0.6373548046875 0.6985883234375 0.6331224625 0.6258577328125 0.632761728125 0.582898015625 0.6341786734375 0.5262706328125 0.6296360953125 0.49397514062500003 0.6363354921875 0.4265217578125 0.7366699015625 0.4128129546875 0.7582502734375 0.43592707343750003 0.7745629296875001 0.44924923437500003 0.8022369625 0.4223525125 0.8270119140625001 0.40141743593749996 0.84104346875 0.54418394375 0.8581784625 0.550841621875 0.8436434390625 0.5744732234375001 0.8131982671875001 0.5851776609375 0.7909408703125 0.560932996875 0.7813632796875 0.537644425 0.76172185625 0.5936176078125001 0.7537815640625001 0.6226479796875 0.741411946875 0.6514602859374999 0.7248813734375 0.6524163765625001 0.71481754375 0.6809233906250001 0.69246163125 0.7179634546875 0.69135491875