3 1 0.8076611 0.9896073031249999 0.807572390625 0.9436137171875 0.8376212671875001 0.9075357468749999 0.8853918953125 0.89840386875 0.8945559984375 0.884198828125 0.899516628125 0.8676530234375001 0.9195534546875 0.8678258171875 0.9334802796874999 0.8841290515625 0.9525021140625001 0.8844632453125 0.96827374375 0.945687709375 0.9629172968749999 0.9657040734375 0.9407179093750001 1 0.9385808265625 1 0.8076611
3 0.43347307968750004 0.3849901859375 0.6906975703125 0.271398603125 0.70519075625 0.275707390625 0.786985090625 0.2425263546875 0.797396771875 0.2360386734375 0.802815990625 0.22626992499999998 0.8035774124999999 0.1871658703125 0.7979398234375 0.1346797171875 0.79361621875 0.121116040625 0.7875053546874999 0.1170033578125 0.47426769999999996 0.259661490625 0.400809640625 0.28653641875 0.38501339375 0.297213040625 0.3609729640625 0.3272001890625 0.35679889375 0.3452251671875 0.3588970875 0.3692076328125 0.3690087578125 0.38319437968750003 0.4237416484375 0.393277278125 0.43347307968750004 0.3849901859375
3 0.368541190625 0.4890016484375 0.3709951078125 0.517050065625 0.25398052187500003 0.6329042328125001 0.23656496875 0.5868263875 0.194503646875 0.6128189609375 0.1779930359375 0.6440146265625 0.1583266 0.5817705171875 0.1453753796875 0.529351671875 0.1357635234375 0.4959790734375 0.1129064203125 0.5024411609375 0.1348237375 0.580851540625 0.1537152109375 0.6342378203125 0.165264428125 0.6897545328125 0.1996146015625 0.6807988625 0.2149815296875 0.6556536765625001 0.22237907343750002 0.644593703125 0.241251915625 0.6786441390625 0.248041046875 0.6988757109375 0.27875705 0.696188409375 0.321316215625 0.65676336875 0.361384975 0.6175571390625 0.40399942187500004 0.5692025609375 0.3982979109375 0.4849111328125 0.386176853125 0.4324196578125 0.37853884375 0.3929239515625 0.36746970156250003 0.3715787625 0.357913046875 0.329275703125 0.35848497031250004 0.326251384375 0.3446118171875 0.3111019359375 0.3464573234375 0.370441896875 0.35870758125 0.4244101359375 0.368541190625 0.4890016484375
3 0 0.4385736203125 0.00161781875 0.44470794687500004 0.0141341046875 0.39654120000000004 0.0329508828125 0.3725822609375 0.0588889484375 0.38221288593749997 0.0720984890625 0.43758434218750003 0.0777991390625 0.4549359328125 0.12406647343749999 0.41964975000000004 0.17760215 0.3718268265625 0.2323367953125 0.30902388593749996 0.18368859843750002 0.259728121875 0.1538206109375 0.2147397234375 0.12928455 0.2020112296875 0.1052837625 0.214523796875 0.10860527187499999 0.2811731140625 0.11146534374999999 0.33298675 0.102426190625 0.3635287484375 0.08633958750000001 0.370886565625 0.069514509375 0.3411193234375 0.0517488640625 0.3292856328125 0.020590220312499997 0.3364749421875 0.002935840625 0.373720165625 0 0.37871180781249997 0 0.4385736203125
3 0.488793346875 0 0.189190584375 0.0262118453125 0.157821865625 0.0596842921875 0.1711240375 0.14479881875 0.1479595265625 0.20511578125000002 0.1721768125 0.242884940625 0.1837803703125 0.22253135624999998 0.202983725 0.13606103593750002 0.22270458437500001 0.12243577187500002 0.24692712343749998 0.14114211875 0.26720196875 0.172094684375 0.2652824625 0.102347496875 0.2623671078125 0.0594634 0.3111622765625 0.0626319375 0.34250540625000003 0.047989856250000004 0.36654354375 0.074149896875 0.400967634375 0.07560053125 0.42732978906249997 0.061394228125000005 0.4619748515625 0.027124864062499997 0.510308665625 0.015458640625 0.58860215625 0.011583128125 0.59957866875 0.003185246875 0.5990903109375 0 0.488793346875 0
3 0.147773234375 0.4993907109375 0.1576612640625 0.48811285 0.18822943281249999 0.4646129375 0.20979493593749998 0.443387796875 0.21162181093750002 0.48339191406250004 0.234626746875 0.497742434375 0.23025418593750002 0.46688666874999996 0.23901630312500002 0.41405529375 0.250029384375 0.37739110781249996 0.2729604046875 0.3813353234375 0.28052363593749996 0.343484890625 0.274010596875 0.2786019359375 0.2634580921875 0.26316196718749996 0.25685422343750003 0.30241653749999997 0.2130408875 0.365752059375 0.1111534640625 0.47284335000000005 0.1135522609375 0.50982315 0.11858843593749999 0.500456909375 0.1377373703125 0.4898559640625 0.147773234375 0.4993907109375
1 0.1150460359375 0.46952851406249996 0.15166494531250002 0.4291360390625 0.20154773750000002 0.36824471875000003 0.24078625312500002 0.3291101984375 0.2666683359375 0.280732371875 0.27247861093750003 0.213284125 0.278325453125 0.1175695765625 0.276609065625 0.059705459375000006 0.2577549390625 0.044991790625 0.265466865625 0.0948938015625 0.2588450625 0.1817505203125 0.24646740625 0.26018610937500003 0.223278928125 0.32022911875000004 0.1787459171875 0.36577726875 0.0936648546875 0.4832990375 0.007035156250000001 0.6022426703125 0.009248346875 0.627539559375 0.019007175 0.6147849296875 0.057968739062499997 0.5533619546875 0.096949015625 0.5112757453125 0.1150460359375 0.46952851406249996
1 0 0.1991346625 0.14942769375 0.0306684421875 0.11696646875000001 0.0325306359375 0.0876455953125 0.07028720000000001 0.0483517953125 0.11835125937499999 0.01186200625 0.16021958125 0 0.17469963125000001 0 0.1991346625
3 0.102783009375 0.8648014406250001 0.0942596359375 0.8343088218749999 0.0874339359375 0.8423435546875 0.0873421640625 0.879540321875 0.09802386874999999 0.89645705625 0.09636354375 0.8966023156249999 0.108502375 0.9014897968750001 0.102783009375 0.8648014406250001
3 0.08352194843750001 0.7593836359374999 0.07278504218750001 0.7513973609375 0.0749807203125 0.7764940874999999 0.083384659375 0.80562155 0.0850905015625 0.796435140625 0.08361450000000001 0.789125784375 0.08352194843750001 0.7593836359374999
3 0.052840790625 0.599924959375 0.044262134375 0.57836188125 0.0168302125 0.60902496875 0.014118834375 0.6449637796875 0.0344065921875 0.6760639296875001 0.038987132812500006 0.671051190625 0.045997237499999996 0.6555627625 0.052840790625 0.599924959375
3 0.07912386406250001 0.17367333437500002 0.08382788125 0.15094910156250002 0.0969625625 0.1289734921875 0.11054004843750001 0.10249772187499999 0.1409790171875 0.07752104374999999 0.1742772765625 0.0374190859375 0.171757178125 0.0277370703125 0.1445206359375 0.041510525 0.10956205156250001 0.08175774218750001 0.0775365953125 0.1172850625 0.042578009374999996 0.1575322796875 0.0216769796875 0.20547525000000003 0.039553109375 0.19944894062500002 0.04971809375 0.2104595328125 0.0689555015625 0.23433484531249998 0.07305526875 0.23816896875000002 0.07692904375000001 0.21551644374999998 0.07912386406250001 0.17367333437500002
3 0.7343176234375 0.0947022609375 0.7331878265625 0.081788625 0.7275497671875 0.0711283375 0.71864859375 0.07097762656249999 0.7004194890625 0.08372602031250001 0.6964761234375 0.092436184375 0.6974791734375 0.0979252078125 0.70958555 0.11080797812500001 0.7261080953125 0.10843297968750001 0.7343176234375 0.0947022609375
3 0.7703499109374999 0 0.7711274453125 0.013465496875 0.7857763390625 0.104411690625 0.7940966765625 0.1230221609375 0.7983766078125 0.1241348546875 0.7989111015625 0.08243700625 0.78944621875 0.00293718125 0.7884980546875 0 0.7703499109374999 0
2 1 0.9347311953125 0.9836055921875 0.9409576749999999 0.9597339234375 0.9549460890624999 0.9470505843750001 0.96056735 1 0.9571900046874999 1 0.9347311953125
2 0.5098401625 1 0.84160611875 0.97202325625 0.8781017312499999 0.9015371953125 0.847122521875 0.6048117859375 0.7565982671875 0.6409947375 0.69877749375 0.28606594531249996 0.6891843515625 0.2720301140625 0.4272048953125 0.39461664375 0.3750150765625 0.3813313984375 0.3995155125 0.4892669578125 0.4070617515625 0.5659594296875 0.28399634375 0.6987052406250001 0.24831808125000002 0.7211650875 0.2268995515625 0.6962630015625 0.170264115625 0.708655521875 0.15321728750000002 0.6476693640625 0.12109849843750001 0.5865156218750001 0.12021219218750001 0.5285779546875 0.0942375578125 0.5472136328125 0.051623109375 0.5955682140625 0.046181640625 0.64810906875 0.037216404687499996 0.6890573718749999 0.023601571874999998 0.676860534375 0.01297515 0.651014259375 0.0211305796875 0.763354103125 0.026333304687499996 0.7941372390625 0.0422502703125 1 0.1139384453125 1 0.10090179531250001 0.900667621875 0.08741608125 0.889946625 0.08992442187500001 0.842125665625 0.08077400312500001 0.8235887500000001 0.0755711984375 0.7928046906249999 0.07343080156250001 0.7587784265625 0.0812157828125 0.7521469078125 0.0856623453125 0.7934099 0.0929681171875 0.8195466937500001 0.1030778984375 0.8394877453125 0.1070077375 0.8748445968749999 0.105440046875 0.9047329265625 0.116886090625 1 0.5098401625 1
2 0.340992915625 0.0689477265625 0.27572362031250003 0.068707628125 0.29725349843750004 0.14268955156250002 0.3074923984375 0.1641064484375 0.35031246562499996 0.328453528125 0.3660116328125 0.31666725625000003 0.7857211359375 0.113342153125 0.7791528953125 0.057389659375 0.761535084375 0.0663685796875 0.7359478890625 0.0894327140625 0.72766498125 0.10949577656250001 0.7049370781250001 0.11743463125 0.6998634734375 0.0881273390625 0.481088940625 0.17866989375 0.4596178390625 0.038429790625 0.43041083281250003 0.077487865625 0.3991229875 0.08320040625 0.340992915625 0.0689477265625
2 0 0.4805172046875 0.00710795 0.5935132921874999 0.015649178125 0.5764028406249999 0.0708817484375 0.5001683531250001 0.078315778125 0.46084115312499996 0.0661947203125 0.408349678125 0.048152121874999995 0.3742275359375 0.0271584609375 0.3924274359375 0.0014792078125 0.46702718125000003 0 0.462175434375 0 0.4805172046875
2 0 0.281798303125 0.00922540625 0.2735045328125 0.0252015265625 0.284006715625 0.041067242187500005 0.312369821875 0.067337625 0.335360284375 0.0867083109375 0.3559782546875 0.1099894234375 0.325678315625 0.10674096875000001 0.20249546718749997 0.13234687812499998 0.1987681 0.1498354875 0.1883124125 0.16632746874999998 0.137780903125 0.1582265015625 0.0787369515625 0.13684691875 0.097220959375 0.10788387343750001 0.12950607187500002 0.0832746734375 0.173310184375 0.080120575 0.21375007968749998 0.06218924218750001 0.22870685000000002 0.0457704 0.2227057515625 0.0158471296875 0.1866468921875 0.003487328125 0.2174794109375 0 0.2207180421875 0 0.281798303125
2 0 0.17162024375 0.1202871171875 0.0322401171875 0 0.0427638765625 0 0.17162024375
0 0.7903506625000001 0 0.8146493359375 0.2432030171875 0.7029283046875 0.285702796875 0.756081628125 0.635089515625 0.8492254890625001 0.6001645203125 0.8820911421875 0.8993292421874999 0.9405280656249999 0.8405978234375 0.871008953125 0 0.7903506625000001 0
0 0 0.35426238906249996 0.0153509265625 0.3339581109375 0.0396652375 0.315467690625 0.0197779109375 0.28894450156249996 0.0043735531250000004 0.27541615468749997 0 0.2831460390625 0 0.35426238906249996
2 0.8718267046875001 0 0.9408718265625 0.8421366812500001 0.9884557234375 0.8051663796874999 1 0.8055212015625001 1 0.4841454140625 0.9576427640625 0 0.8718267046875001 0
0 0.5988540796875 0 0.596202815625 0.012406228125 0.574175875 0.0187956859375 0.46581206093749994 0.0327386421875 0.4814024625 0.17269204375 0.77360316875 0.053714921875 0.7741844953125 0 0.5988540796875 0
0 0.23702632499999998 0.6016611468749999 0.2563970921875 0.6222800375 0.2758595484375 0.6057012421875 0.3658298140625 0.524940459375 0.3679693484375 0.4920268890625 0.3555899703125 0.43658280468750005 0.3510142890625 0.3938439671875 0.3405349234375 0.32187139062500003 0.32763890625 0.260522084375 0.2811107484375 0.0920370703125 0.2712431546875 0.256531371875 0.27784788437499996 0.2842166390625 0.280172684375 0.310789209375 0.2842317234375 0.347622825 0.26606078593750004 0.37896375312499997 0.256227959375 0.381311153125 0.2438681578125 0.4121436703125 0.2356591671875 0.44261303906249994 0.2355861109375 0.4991465703125 0.2128946953125 0.47881819999999997 0.2000361078125 0.456142425 0.1794850875 0.46984031875000004 0.1526250890625 0.49747908750000003 0.1391580890625 0.506094859375 0.175995584375 0.64508724375 0.1869769859375 0.622403090625 0.207767528125 0.5923201171875 0.23702632499999998 0.6016611468749999