3 0.8421875 0 0.8432291671875 0.015740740625 0.8286458328125 0.0361111109375 0.8296875 0.05 0.8479166671874999 0.06851851875000001 0.8625 0.072222221875 0.8723958328125001 0.08055555625000001 0.9125 0.125 0.9609375 0.15092592656249998 0.9994791671875 0.147222221875 0.9994791671875 0.08518518593749999 0.9958333328125001 0.072222221875 0.9921875 0.04351851875 0.9796875 0.0240740734375 0.9625 0.019444443750000002 0.9255208328125001 0.0203703703125 0.9036458328125001 0 0.8421875 0
3 0.41979166718750005 0.7212962968750001 0.4953125 0.7416666671875001 0.8197916671875 0.85648148125 0.8255208328125001 0.8518518515625001 0.8286458328125 0.8379629625 0.8296875 0.7851851859375001 0.8255208328125001 0.746296296875 0.8192708328125 0.7370370375 0.8083333328125001 0.73148148125 0.7239583328125 0.70555555625 0.7098958328125 0.7111111109375 0.44375 0.6203703703125 0.43333333281249997 0.6129629624999999 0.3796875 0.627777778125 0.3708333328125 0.6425925921875 0.3708333328125 0.6666666671875 0.3765625 0.684259259375 0.403125 0.7120370375 0.41979166718750005 0.7212962968750001
3 0.3883333328125 0.6172546296875 0.39249999999999996 0.57724351875 0.4 0.5238953703125 0.3983333328125 0.43942777812499995 0.3516666671875 0.394971296875 0.3083333328125 0.35940648125 0.2625 0.323840740625 0.2316666671875 0.323840740625 0.2266666671875 0.3445870375 0.2108333328125 0.380152778125 0.20249999999999999 0.3697796296875 0.185 0.34606944375 0.15 0.3401416671875 0.1433333328125 0.396453703125 0.1291666671875 0.4512833328125 0.11416666718749999 0.53130555625 0.1375 0.5357509265625 0.14416666718749999 0.5016675921875 0.1525 0.44831944375 0.1666666671875 0.3845981484375 0.1858333328125 0.4142361109375 0.22999999999999998 0.4364638890625 0.24333333281249997 0.38904351875 0.37 0.4942583328125 0.37 0.5224138890625001 0.36583333281249997 0.5876166671874999 0.3583333328125 0.642447221875 0.3616666671875 0.701722221875 0.3741666671875 0.685421296875 0.37333333281250003 0.6824583328125 0.3791666671875 0.6394833328125 0.3883333328125 0.6172546296875
3 0.0366666671875 0.7046861109375 0.06833333281250001 0.7091324078125 0.08499999999999999 0.6957953703124999 0.0991666671875 0.664675 0.1158333328125 0.670602778125 0.1275 0.700240740625 0.1291666671875 0.75210648125 0.1316666671875 0.8187916671875 0.1566666671875 0.8291648140625 0.18 0.814346296875 0.2058333328125 0.7669259265624999 0.25 0.713577778125 0.19 0.6557842593750001 0.1325 0.612809259375 0.08333333281250001 0.5816898140625 0.0791666671875 0.5994722218749999 0.07083333281250001 0.6557842593750001 0.0458333328125 0.6676388890625 0.025 0.6454111109375 0.0083333328125 0.59851851875 0 0.6468925921875 0.0158333328125 0.669121296875 0.0366666671875 0.7046861109375
3 0.6416666671875 0.9990740734375001 0.6425 0.9862453703125 0.6308333328125 0.9788361109375 0.5525 0.9817990734375 0.5033333328125 0.9743898140624999 0.4658333328125 0.9432703703125 0.43833333281250003 0.9314157406250001 0.40416666718750005 0.9358611109374999 0.3825 0.9640166671875001 0.35 0.9521620375 0.3016666671875 0.959571296875 0.3008333328125 0.916596296875 0.2966666671875 0.8469472218749999 0.2791666671875 0.8795490734375001 0.25666666718750003 0.9002953703125 0.23583333281250002 0.888440740625 0.20916666718750002 0.8039731484375 0.19583333281249998 0.7847083328125 0.175 0.82444444375 0.2033333328125 0.8825129625000001 0.1975 0.9684629625 0.2316666671875 0.9990740734375001 0.6416666671875 0.9990740734375001
3 0.28500000000000003 0.756552778125 0.2941666671875 0.7402518515625001 0.29500000000000004 0.6750481484375 0.2841666671875 0.6380009265625 0.2616666671875 0.6439287031250001 0.2475 0.6083638890625 0.2341666671875 0.5564972218750001 0.23583333281250002 0.525377778125 0.2141666671875 0.541678703125 0.2158333328125 0.5816898140625 0.1925 0.562425 0.16 0.541678703125 0.1491666671875 0.53130555625 0.13999999999999999 0.541678703125 0.12 0.5327870375 0.11416666718749999 0.5238953703125 0.11499999999999999 0.56094351875 0.2258333328125 0.658747221875 0.275 0.7180231484374999 0.28500000000000003 0.756552778125
1 0 0.4411111109375 0.0966666671875 0.5520518515624999 0.1916666671875 0.6617111109375 0.24 0.7032046296875001 0.2683333328125 0.7609981484375 0.2875 0.83805648125 0.3016666671875 0.92400555625 0.2983333328125 0.9743898140624999 0.3158333328125 0.9580888890624999 0.3125 0.9002953703125 0.2983333328125 0.8054546296874999 0.2866666671875 0.7387694437500001 0.25666666718750003 0.69283148125 0.2141666671875 0.657265740625 0.1591666671875 0.600953703125 0.11916666718749999 0.56390648125 0.0975 0.5238953703125 0.05500000000000001 0.4853666671875 0.0108333328125 0.4275731484375 0 0.4157175921875 0 0.4411111109375
1 0.0433333328125 0.88103148125 0.08333333281250001 0.9195601859375 0.1266666671875 0.9640166671875001 0.1591666671875 0.9990740734375001 0.1916666671875 0.9981 0.00625 0.8225925921874999 0.0025 0.8439842593750001 0.0158333328125 0.852875 0.0433333328125 0.88103148125
3 0.0725 0.17120648125 0.075 0.134159259375 0.0633333328125 0.1400861109375 0.065 0.1400861109375 0.055833332812500004 0.15786944375 0.0591666671875 0.1949166671875 0.0666666671875 0.2023259265625 0.0725 0.17120648125
3 0.06 0.24826481406249998 0.060833332812499995 0.2408546296875 0.058333332812500006 0.23185185156250002 0.052500000000000005 0.2616009265625 0.052500000000000005 0.28679351875000003 0.0625 0.27790185156249997 0.06 0.24826481406249998
3 0.0458333328125 0.43942777812499995 0.0341666671875 0.3845981484375 0.0258333328125 0.3697796296875 0.0208333328125 0.3651851859375 0.0033333328125 0.3979351859375 0.0091666671875 0.43350092656249994 0.0391666671875 0.46165648125000003 0.0458333328125 0.43942777812499995
3 0.07416666718750001 0.88103148125 0.1125 0.9180787031250001 0.14750000000000002 0.9506796296875001 0.1858333328125 0.9877268515625 0.2141666671875 0.9990740734375001 0.2158333328125 0.989209259375 0.17916666718750002 0.9521620375 0.14666666718750002 0.9299333328125 0.1308333328125 0.9047416671875 0.1158333328125 0.88399444375 0.10916666718750001 0.8617666671875 0.10333333281249998 0.8202740734375 0.0975 0.7980453703125 0.09375 0.802222221875 0.07666666718750001 0.8276833328125001 0.0675 0.8395379625 0.0491666671875 0.8350925921875 0.07416666718750001 0.88103148125
3 0.7640625 0.9074074078125 0.76875 0.896296296875 0.76875 0.8833333328125 0.759375 0.8703703703125001 0.7427083328124999 0.86944444375 0.7317708328125 0.8833333328125 0.73125 0.8888888890625 0.7359375 0.897222221875 0.7552083328125 0.9083333328125001 0.7640625 0.9074074078125
3 0.825 0.9990740734375001 0.8316666671874999 0.96994444375 0.8341666671875 0.8899222218749999 0.8300000000000001 0.8484296296875 0.8258333328124999 0.8499111109375 0.8191666671875 0.8691759265625001 0.8125 0.9610527781249999 0.8133333328125 0.989209259375 0.825 0.9990740734375001
2 0.9933333328125 0.0541370375 0.9983333328124999 0.0763648140625 0.9994791671875 0.0822925921875 0.9994791671875 0 0.9052083328125 0.0022222218750000003 0.9183333328125001 0.0067166671875 0.9433333328125 0.018571296875 0.9800000000000001 0.02894444375 0.9933333328125 0.0541370375
2 0.0716666671875 0.1311953703125 0.0758333328125 0.1608333328125 0.075 0.1963981484375 0.0666666671875 0.21714444375 0.0616666671875 0.24381851875 0.060833332812499995 0.2853120375 0.052500000000000005 0.279384259375 0.0516666671875 0.2453009265625 0.054166667187499996 0.21418055625000001 0.0616666671875 0.1949166671875 0.05500000000000001 0.14749629687500002 0.0675 0.135640740625 0.0733333328125 0.0007888890625 0 0.0007888890625 0.0025 0.24826481406249998 0 0.279384259375 0.0016666671875 0.3920074078125 0.01 0.3653333328125 0.0225 0.351996296875 0.034999999999999996 0.3920074078125 0.045 0.4438740734375 0.0916666671875 0.48833055625000005 0.11916666718749999 0.50463148125 0.11499999999999999 0.44683703750000003 0.1416666671875 0.38311666718750004 0.1533333328125 0.3208768515625 0.2108333328125 0.32828611093750004 0.22999999999999998 0.3016120375 0.26749999999999996 0.3208768515625 0.4016666671875 0.4423916671875 0.40083333281250005 0.51945 0.3858333328125 0.6291101859375 0.43666666718749997 0.6113268515625 0.7083333328125 0.7106138890625 0.7166666671875 0.6957953703124999 0.7433333328125 0.337177778125 0.8366666671875 0.3653333328125 0.8416666671874999 0.0670370375 0.7991666671875 0 0.0758333328125 0.0022703703124999997 0.0716666671875 0.1311953703125
2 0.7608333328125 0.8691759265625001 0.7708333328125 0.888440740625 0.7983333328125 0.9091870375 0.8166666671874999 0.916596296875 0.8183333328125 0.860284259375 0.3825 0.6943129625 0.36583333281249997 0.6839398140624999 0.3375 0.8513935187499999 0.3291666671875 0.8736212968749999 0.31416666718749997 0.9491981484374999 0.3791666671875 0.9432703703125 0.43583333281250003 0.92400555625 0.46749999999999997 0.92696944375 0.5 0.9633333328125 0.5091666671875 0.82175555625 0.735 0.8928861109374999 0.7375 0.8632481484375001 0.7608333328125 0.8691759265625001
2 0.08333333281250001 0.5757620375 0.0725 0.5372324078124999 0.0108333328125 0.4661018515625 0.0008333328124999999 0.4498009265625 0.0041666671875 0.5861351859374999 0.00625 0.5762962968750001 0.038333332812499996 0.6483740734375 0.060833332812499995 0.664675 0.0758333328125 0.6291101859375 0.08333333281250001 0.5757620375
2 0.1008333328125 0.67949444375 0.08333333281250001 0.701722221875 0.0591666671875 0.7269148140625 0.0458333328125 0.756552778125 0.030833332812499996 0.7684074078124999 0.0091666671875 0.75210648125 0.0033333328125 0.8039731484375 0.03 0.82471944375 0.045 0.8543574078124999 0.0716666671875 0.815827778125 0.0875 0.8084185187499999 0.1066666671875 0.82175555625 0.11333333281249999 0.8617666671875 0.1416666671875 0.903259259375 0.17333333281250002 0.932897221875 0.196242546875 0.9494475390625 0.1991666671875 0.8899222218749999 0.1783333328125 0.8410203703124999 0.16 0.832128703125 0.1341666671875 0.8306472218750001 0.1266666671875 0.70765 0.1008333328125 0.67949444375
2 0 0.9990740734375001 0.1625 0.9990740734375001 0 0.8410203703124999 0 0.9990740734375001
0 0.7208333328125 0.6957953703124999 0.8358333328124999 0.728396296875 0.8324999999999999 0.9990740734375001 0.9133333328125 0.9990740734375001 0.9091666671875 0.12230370312500001 0.8458333328125001 0.0688888890625 0.8391666671875001 0.3697796296875 0.7433333328125 0.34310555625 0.7208333328125 0.6957953703124999
0 0.0258333328125 0.7669259265624999 0.04 0.75210648125 0.057499999999999996 0.7239509265625 0.031666667187500004 0.70765 0 0.6725925921875 0.0008333328124999999 0.7417333328125 0.0075 0.7402518515625001 0.0258333328125 0.7669259265624999
2 0.9994791671875 0.150459259375 0.9974999999999999 0.148977778125 0.96 0.1534231484375 0.909375 0.120740740625 0.9141666671875001 0.9981 0.9994791671875 0.9990740734375001 0.9994791671875 0.150459259375
0 0.6158333328125 0.9729083328125 0.6383333328125 0.9773537031249999 0.645 0.9990740734375001 0.8191666671875 0.9990740734375001 0.8114583328125 0.9207407406250001 0.51 0.8276833328125001 0.5066666671875 0.9684629625 0.6158333328125 0.9729083328125
0 0.205 0.569834259375 0.2158333328125 0.5461240734375 0.2366666671875 0.5238953703125 0.2416666671875 0.5802074078125 0.2525 0.6098453703125 0.26749999999999996 0.6394833328125 0.27749999999999997 0.6409648140625 0.2983333328125 0.670602778125 0.2975 0.70765 0.2975 0.7343240734375 0.29333333281249996 0.7624796296875 0.3175 0.9254879624999999 0.3491666671875 0.7535888890625 0.3566666671875 0.6913490734375001 0.3608333328125 0.6187370375000001 0.3616666671875 0.5757620375 0.3691666671875 0.51945 0.3641666671875 0.48684814843749996 0.26749999999999996 0.4142361109375 0.24666666718750002 0.3994166671875 0.22916666718749998 0.42164537031249993 0.2008333328125 0.43350092656249994 0.1775 0.40534444374999995 0.16458333281249998 0.383703703125 0.13999999999999999 0.525377778125 0.1541666671875 0.5327870375 0.1833333328125 0.5579796296875 0.205 0.569834259375