1 0.3533333328125 0.597990740625 0.3375 0.6083638890625 0.315 0.59058055625 0.315 0.56094351875 0.3291666671875 0.5327870375 0.3233333328125 0.48833055625000005 0.29500000000000004 0.4898120375 0.2608333328125 0.497221296875 0.2258333328125 0.48833055625000005 0.20916666718750002 0.5179685187499999 0.20750000000000002 0.583171296875 0.2133333328125 0.6231824078125 0.23500000000000001 0.670602778125 0.2416666671875 0.759515740625 0.2483333328125 0.8336101859375 0.2525 0.903259259375 0.2991666671875 0.916596296875 0.34500000000000003 0.9151148140625001 0.3566666671875 0.8869583328124999 0.3375 0.8513935187499999 0.3366666671875 0.7624796296875 0.3375 0.7254324078125001 0.35 0.685421296875 0.36583333281249997 0.5965083328125 0.3866666671875 0.41868148125 0.3966666671875 0.3149490734375 0.3933333328125 0.2156629625 0.3825 0.11193055625 0.375 0.0274629625 0.3741666671875 0 0.36666666718749996 0.0003703703125 0.38166666718750003 0.1830611109375 0.39 0.2704925921875 0.38333333281250004 0.351996296875 0.3533333328125 0.597990740625
1 0.5133333328125 0.9610527781249999 0.5316666671875 0.959571296875 0.5416666671875 0.92696944375 0.5349999999999999 0.86473055625 0.5225 0.8173101859375 0.51 0.7995268515625 0.50625 0.8133333328125 0.4858333328125 0.8276833328125001 0.485 0.8706574078125 0.505 0.9462342593749999 0.5133333328125 0.9610527781249999
1 0.62 0.8513935187499999 0.6275000000000001 0.8854768515625 0.62 0.9314157406250001 0.6233333328125 0.9566074078125 0.6316666671875 0.959571296875 0.6558333328125 0.9580888890624999 0.665 0.9417888890624999 0.6641666671875 0.9151148140625001 0.6725 0.8825129625000001 0.6908333328125 0.8869583328124999 0.6891666671875 0.92400555625 0.7016666671875 0.8854768515625 0.7041666671875 0.8780675921875 0.7033333328125 0.845465740625 0.6983333328125 0.8410203703124999 0.6875 0.8411111109375 0.6608333328125 0.83805648125 0.6566666671875 0.814346296875 0.6325000000000001 0.82471944375 0.62 0.8513935187499999
1 0.745 0.9803175921875 0.7091666671875 0.7936 0.6808333328125 0.642447221875 0.6325000000000001 0.4083083328125 0.5566666671875 0 0.55 0.0096296296875 0.6358333328125 0.5061129625 0.6991666671875 0.7847083328125 0.7341666671875 0.9936546296875 0.745 0.9803175921875
3 0 0.8632481484375001 0.0041666671875 0.845465740625 0.0183333328125 0.8099000000000001 0.030833332812499996 0.7654435187499999 0.065 0.6172546296875 0.12166666718750001 0.279384259375 0.1291666671875 0.23196388906249998 0.0933333328125 0.229 0.0875 0.1741703703125 0.0591666671875 0.17268796250000001 0.0008333328124999999 0.134159259375 0 0.1400861109375 0 0.8632481484375001
3 0.1533333328125 0.2986481484375 0.1575 0.43350092656249994 0.1583333328125 0.57724351875 0.1575 0.7106138890625 0.1633333328125 0.7772990734375 0.15 0.8439842593750001 0.135 0.8543574078124999 0.0941666671875 0.8914046296875 0.055833332812500004 0.92696944375 0.058333332812500006 0.8365740734375 0.0391666671875 0.8128638890625 0.0216666671875 0.860284259375 0.0208333328125 0.9151148140625001 0.01 0.9580888890624999 0.0066666671875 0.975872221875 0.0025 0.9990740734375001 0.075 0.9654990734375 0.0891666671875 0.9477157406250001 0.1266666671875 0.9225240734375 0.1616666671875 0.9002953703125 0.1741666671875 0.8691759265625001 0.1766666671875 0.8099000000000001 0.1866666671875 0.729878703125 0.2 0.6676388890625 0.1991666671875 0.5950268515625 0.1983333328125 0.5298231484375 0.1891666671875 0.4631379625 0.1916666671875 0.3845981484375 0.195 0.3327324078125 0.185 0.229 0.175 0.14305 0.1675 0.1000759265625 0.1933333328125 0.060064814062500006 0.1933333328125 0.0007888890625 0.17916666718750002 0 0.1458333328125 0.020053703125 0.1491666671875 0.0822925921875 0.14750000000000002 0.163796296875 0.1533333328125 0.2986481484375
3 0.385 0.2616009265625 0.3858333328125 0.24233703750000002 0.35750000000000004 0.2527101859375 0.275 0.267528703125 0.19583333281249998 0.2929629625 0.20166666718749998 0.323840740625 0.2525 0.3119851859375 0.385 0.2616009265625
3 0.5083333328124999 0.193434259375 0.46166666718749994 0.21714444375 0.4158333328125 0.23048148125 0.3958333328125 0.23185185156250002 0.4 0.26604722187499996 0.5616666671874999 0.19788055625 0.5549999999999999 0.18157962968750002 0.5083333328124999 0.193434259375
0 0.3625 0.2749379625 0.24583333281250003 0.3170370375 0.2641666671875 0.48092129687499996 0.3608333328125 0.4498009265625 0.365 0.29272129687500004 0.3625 0.2749379625
0 0.43333333281249997 0.2540740734375 0.4733333328125 0.426090740625 0.5816666671874999 0.3727425921875 0.5558333328125 0.19936203749999998 0.43333333281249997 0.2540740734375
3 0.825 0.70765 0.8341666671875 0.6824583328125 0.8291666671875 0.6409648140625 0.8208333328125 0.6225925921875 0.8025 0.62021851875 0.8 0.657265740625 0.8074999999999999 0.6943129625 0.825 0.70765
3 0.7808333328125 0.9077046296875 0.7775000000000001 0.88103148125 0.7697916671875 0.8744444437500001 0.7566666671875 0.91066851875 0.7583333328124999 0.94030648125 0.775 0.9358611109374999 0.7808333328125 0.9077046296875
3 0.25666666718750003 0.060064814062500006 0.3025 0.04228148125 0.33166666718750004 0.033390740625 0.325 0.0037527781250000004 0.2908333328125 0.0170898140625 0.2616666671875 0.034872221875 0.2383333328125 0.040799999999999996 0.2258333328125 0.0452453703125 0.2108333328125 0.0941481484375 0.225 0.11489444374999999 0.2391666671875 0.0734018515625 0.2491666671875 0.0585824078125 0.25666666718750003 0.060064814062500006
2 0.0183333328125 0.8736212968749999 0.0266666671875 0.8291648140625 0.0441666671875 0.8187916671875 0.057499999999999996 0.845465740625 0.0591666671875 0.9254879624999999 0.145 0.8469472218749999 0.1508333328125 0.8173101859375 0.1616666671875 0.7624796296875 0.1566666671875 0.626146296875 0.1566666671875 0.47647500000000004 0.1533333328125 0.35051481406249996 0.1508333328125 0.22751759218749998 0.1483333328125 0.092665740625 0.145 0.024499073437499998 0.17333333281250002 0.0007888890625 0.0008333328124999999 0 0 0.1386046296875 0.0225 0.1445324078125 0.060833332812499995 0.17565185156250002 0.0891666671875 0.17120648125 0.0925 0.229 0.1008333328125 0.229 0.1291666671875 0.229 0.0875 0.5075953703125 0.042499999999999996 0.7224685187500001 0 0.86473055625 0.003125 0.9990740734375001 0.0066666671875 0.9610527781249999 0.0225 0.9136324078125 0.0183333328125 0.8736212968749999
2 0.32999999999999996 0.030426851562500003 0.2558333328125 0.060064814062500006 0.2391666671875 0.07488333281250001 0.2316666671875 0.09859351875 0.2166666671875 0.106002778125 0.2116666671875 0.092665740625 0.22000000000000003 0.061546296874999996 0.22833333281249998 0.040799999999999996 0.2683333328125 0.023017592187499998 0.2925 0.012643518749999999 0.3241666671875 0.0007888890625 0.2533333328125 0 0.20750000000000002 0.0007888890625 0.1941666671875 0.0007888890625 0.1941666671875 0.052654629687499996 0.1883333328125 0.079328703125 0.17250000000000001 0.09859351875 0.17916666718750002 0.1741703703125 0.19083333281249998 0.25122777812499997 0.190625 0.2929629625 0.3875 0.237890740625 0.3641666671875 0.0007888890625 0.32999999999999996 0 0.32999999999999996 0.030426851562500003
2 0.2033333328125 0.56390648125 0.20833333281250002 0.51945 0.2266666671875 0.48833055625000005 0.2575 0.49129444375000003 0.3066666671875 0.48388518593749996 0.3275 0.4898120375 0.32999999999999996 0.5372324078124999 0.32083333281250004 0.568352778125 0.3225 0.5965083328125 0.3408333328125 0.6024361109374999 0.355 0.5802074078125 0.3633333328125 0.5387148140625 0.37 0.4586925921875 0.38 0.36236944375 0.3933333328125 0.2616009265625 0.36666666718749996 0.26604722187499996 0.365 0.2912388890625 0.3608333328125 0.44831944375 0.26916666718750004 0.4853666671875 0.2608333328125 0.46165648125000003 0.24666666718750002 0.3134675921875 0.1925 0.33125 0.19083333281249998 0.47647500000000004 0.1975 0.540196296875 0.1991666671875 0.6617111109375 0.22916666718749998 0.66319351875 0.21916666718750002 0.6320740734375 0.205 0.600953703125 0.2033333328125 0.56390648125
2 0.0716666671875 0.9684629625 0 0.9990740734375001 0.7316666671875 0.9990740734375001 0.7166666671875 0.9254879624999999 0.7041666671875 0.89585 0.6950000000000001 0.9225240734375 0.6908333328125 0.8988138890625 0.6725 0.8914046296875 0.6675 0.9195601859375 0.6658333328125 0.9417888890624999 0.6599999999999999 0.9640166671875001 0.6391666671875 0.96994444375 0.6208333328125 0.9580888890624999 0.6208333328125 0.9314157406250001 0.625 0.9047416671875 0.6191666671875 0.8662120375000001 0.6183333328125 0.8350925921875 0.635 0.8187916671875 0.6516666671875 0.8054546296874999 0.6633333328125001 0.8232370375 0.6900000000000001 0.8350925921875 0.6991666671875 0.8350925921875 0.6950000000000001 0.789153703125 0.6783333328125 0.7224685187500001 0.6566666671875 0.6291101859375 0.6208333328125 0.4898120375 0.6025 0.37718888906250003 0.5491666671875 0.3920074078125 0.49000000000000005 0.42312685156249996 0.465 0.4305370375 0.43499999999999994 0.26604722187499996 0.40083333281250005 0.2690111109375 0.39416666718750004 0.3208768515625 0.395 0.4038629625 0.37333333281250003 0.5446425921875 0.365 0.6305916671875 0.3433333328125 0.75210648125 0.3466666671875 0.82471944375 0.35750000000000004 0.8795490734375001 0.3591666671875 0.9210416671875 0.315 0.9373425921875 0.2608333328125 0.91066851875 0.2491666671875 0.8899222218749999 0.2383333328125 0.7684074078124999 0.2375 0.6943129625 0.22749999999999998 0.6661574078125 0.1858333328125 0.7402518515625001 0.1766666671875 0.8395379625 0.1708333328125 0.8869583328124999 0.11750000000000001 0.9314157406250001 0.0716666671875 0.9684629625
2 0.6075 0.374225 0.5491666671875 0.0007888890625 0.3760416671875 0.0022222218750000003 0.3983333328125 0.23344537031249998 0.5525 0.17861574062500002 0.5833333328125 0.374225 0.6075 0.374225
2 0.5566666671875 0 0.753125 0.9948148140624999 0.7974666312500001 0.9989168062499999 0.7902512625 0.96491065625 0.7941666671875 0.9788361109375 0.7991666671875 0.9981 0.7991666671875 0.9990740734375001 0.9994791671875 0.9990740734375001 0.9994791671875 0.71950555625 0.9994791671875 0 0.5566666671875 0