1 0 0.5546119968750001 0.16845174375 0.5672962874999999 0.25611041874999996 0.5727428484375 0.33556777968749996 0.5920774265625 0.5738405906249999 0.6601900859375001 0.5816091484375 0.677451203125 0.5605249828125001 0.6968922640625 0.5312528265625 0.692256009375 0.505659153125 0.6738591140625 0.46083747031250005 0.6726661046875 0.457868403125 0.7008823609375 0.45984159843750005 0.7357874437499999 0.4455851109375 0.7689657171875 0.47225093906250004 0.7900635874999999 0.5363902390625 0.801909696875 0.57682128125 0.8024072984374999 0.6270472421875 0.7884255640625 0.715908434375 0.7957500265624999 0.79013355 0.8007563640625 0.8595769390625 0.8075365109374999 0.88005005 0.763530759375 0.8857567203125001 0.71802995625 0.8597719609375 0.70210228125 0.8216466812500001 0.7154694125 0.7336971078125 0.7023832890625 0.6972363609375 0.695764753125 0.6596732828125 0.6771595328125 0.5743318640624999 0.6476120828124999 0.4019534078125 0.5992169921875 0.3010624625 0.5731127859375 0.20247727968749998 0.5608733109374999 0.0983272859375 0.55534594375 0.01372636875 0.5495399640625 0 0.5477908375 0 0.5546119968750001
1 0.8637474828125 0.57279891875 0.941522546875 0.5648679765625 0.957462246875 0.5589553671874999 0.9588669703124999 0.5406159921875 0.92823084375 0.5256390546875 0.8657153234375 0.5224873375 0.8169233468750001 0.5274152609375 0.7974035234375 0.5369794390625 0.8104533953124999 0.5428430796875 0.8214328515625 0.56525321875 0.8637474828125 0.57279891875
1 0.9047885390625 0.389461971875 0.91204714375 0.3720497625 0.94837753125 0.3794913703125 0.9122786093749999 0.3611180484375 0.90535165625 0.3574897640625 0.873020825 0.3532127859375 0.8678480125 0.35745581875 0.8662429296875 0.3681699703125 0.859054321875 0.3940304765625 0.8349842390625 0.3944367546875 0.8414491749999999 0.41992860781249997 0.8658394171875001 0.43644745625 0.9006763859375001 0.4343716015625 0.9448764328125 0.44896568906249995 0.9702793968750001 0.449614240625 0.974510415625 0.44184715781249995 0.976826759375 0.417746125 0.9621614218750001 0.40614243281249995 0.9356853859375001 0.40279276093750005 0.9047885390625 0.389461971875
1 1 0.3335688140625 0.8227061718750001 0.33933768125 0.6689820265625 0.34367668125 0.43016477656249996 0.35478755781250004 0.01502045 0.3658137609375 0.0234886265625 0.37390475625 0.5272867171875 0.3667952796875 0.81235963125 0.3478236 1 0.3461560515625 1 0.3335688140625
3 0.6766064703125 1 0.5477620390625 0.9479870937499999 0.2229160328125 0.839163515625 0.17725274375 0.8243376734375 0.16871977656249998 0.8592661859374999 0.11365265625000001 0.8564504562499999 0.107756190625 0.884203059375 0.0605764953125 0.935790996875 0.066300015625 0.937541234375 0.46064914375 1 0.6766064703125 1
3 0.8953876953125001 1 0.893283359375 0.99258764375 0.8779351249999999 0.975813465625 0.8589199000000001 0.9348343078125 0.8424400765625 0.8967878796875001 0.8136591953125001 0.8795736218749999 0.7555041390625 0.8678316031250001 0.6780323828125 0.8454366312499999 0.6186446359375 0.8225310015625 0.5467962125 0.8119950499999999 0.4822649125 0.8026180187499999 0.4149667484375 0.801239965625 0.3377849765625 0.7864844109375 0.28707923750000003 0.775078528125 0.183059603125 0.7687280875 0.09660344531250001 0.765159428125 0.0529851953125 0.7658444640625001 0.017507910937500003 0.734070065625 0 0.7312970859375 0 0.7777864328125 0.0325528390625 0.7811701578125 0.1127923734375 0.79556629375 0.24689650937500002 0.8109002562500001 0.3807408359375 0.827880509375 0.5228440812499999 0.8495437328125 0.654442078125 0.871230528125 0.7212187921875 0.8759008734375 0.7849971796874999 0.8995019125000001 0.7928961 0.9159399562500001 0.8230994687500001 0.962066025 0.8485463140625 1 0.8953876953125001 1
3 0.2276496953125 0.5724537187500001 0.23346282187499998 0.6020609390625 0.23519305625000003 0.685863353125 0.2479297828125 0.7680341421875 0.27933993749999997 0.767102975 0.2755824296875 0.7150408671874999 0.24654605156249998 0.576290328125 0.2276496953125 0.5724537187500001
3 0.2146302109375 0.49361302812499996 0.220633134375 0.54096845 0.21885794375 0.560936590625 0.253284121875 0.56217055625 0.211246940625 0.39183065781250004 0.1941038078125 0.39586522031250004 0.1985122125 0.44381181718749996 0.2146302109375 0.49361302812499996
0 0.428648496875 0.6296004296875 0.2741545890625 0.6009123921875 0.25619911093750003 0.6005996875 0.2795291890625 0.722415740625 0.44426372656249996 0.7299452671875 0.428648496875 0.6296004296875
0 0.246672865625 0.5273745984375 0.42282909999999996 0.5147764015625 0.3870848234375 0.39943134062499996 0.21179764687499997 0.3978239296875 0.246672865625 0.5273745984375
3 0.7324871515625 0.19849025 0.6907223140625 0.1969376765625 0.6712726640625 0.20229436406249998 0.6660598546875 0.22003059687499998 0.702259878125 0.22829527968750002 0.7400242453125 0.22668307968749998 0.755934684375 0.21148490625 0.7324871515625 0.19849025
3 0.9120391265625001 0.2921059328125 0.9457640203125001 0.3107360359375 0.9752978140625 0.3137262875 0.973514415625 0.29656940625 0.946617121875 0.286403246875 0.919750915625 0.28552294218749996 0.9120391265625001 0.2921059328125
3 0 0.654581840625 0.00331516875 0.6626370390625 0.005519828125 0.686610409375 0.007955039062499999 0.6996519234374999 0.053909225000000005 0.722117328125 0.0766162546875 0.7113705125 0.037850659375 0.6908873890625 0.0247780125 0.6786922328125 0.0274154265625 0.6715164703125 0.0170209484375 0.6234654953125001 0.012802340625 0.5932671 0 0.5940898156250001 0 0.654581840625
2 0.8499880828125 1 0.787141490625 0.9049038640625 0.7587818703125 0.8945060953124999 0.7063210765625 0.8752287484375 0.5708840609375 0.8588399578124999 0.42305546562499996 0.835426209375 0.29812460937499996 0.819013990625 0.1762506015625 0.8022422062500001 0.0426679140625 0.78361595 0 0.77898036875 0 0.9266403640625 0.0648367734375 0.937309478125 0.074211346875 0.9160138 0.1109443125 0.8830205671875 0.11098598281250001 0.8543406546875 0.16858941562500002 0.860089259375 0.1698930359375 0.8518585234374999 0.1743253453125 0.82387401875 0.44297264218750004 0.9086096187500001 0.64816079375 0.986669159375 0.6759430484375 1 0.743847215625 1 0.7719902328125 0.9910948390625001 0.8369418109375 1 0.8499880828125 1
2 0 0.7304533625 0.0103193203125 0.7320877828125 0.035752456249999995 0.74202204375 0.0523032109375 0.7606741234375 0.1279924828125 0.7659123578125 0.20592625468749998 0.7664437625 0.24711501875000003 0.7731783515624999 0.22351886250000003 0.5701120171875 0 0.5569124671875 0 0.5929268515625 0.0096142171875 0.5944495937500001 0.027285064062499996 0.6723395453125 0.039313901562499996 0.69111914375 0.06155891718749999 0.7022358953125 0.0665304390625 0.718210284375 0.052575431250000006 0.7210623546875 0.0231427390625 0.707963465625 0.003955484375 0.69648729375 0 0.6816922046875 0 0.7304533625
2 0.5675530375 0.6904119093750001 0.5762758 0.6732316 0.5565369234374999 0.6557620125 0.51685879375 0.6410404046875 0.43886467500000004 0.6219375828125 0.34529176875 0.5969924390625 0.247849671875 0.5680595921875 0.24806964062499998 0.5950935 0.27269043125 0.60068049375 0.4271852546875 0.629368675 0.44943653906250003 0.725702234375 0.42471464374999995 0.7302238812499999 0.27613405156250004 0.72103428125 0.28522399374999996 0.7773158484375 0.428400309375 0.8016801921875001 0.4923799875 0.8050638093750001 0.6126594765625 0.8224267671875 0.61881666875 0.793028015625 0.5865160109375 0.7980367453125 0.553562628125 0.8071606984375 0.5167107953125 0.803011384375 0.47358381875 0.7911184171875 0.4457154734375 0.7681426421875 0.45346626562500003 0.7381525734375 0.4538395890625 0.688432165625 0.46295252343750004 0.6687824906250001 0.51018015625 0.67373145 0.5394834000000001 0.6876535578125 0.5675530375 0.6904119093750001
2 1 0.35054248125 0.954143634375 0.352561840625 0.9229151328125 0.360271546875 0.9478268218749999 0.37349810156249996 0.9237567390624999 0.3739043796875 0.9135707343749999 0.390852934375 0.9405974765625 0.4001958765625 0.9622917828125 0.40531935937499997 0.9833333671875 0.4145580640625 0.9859291109375 0.4360622125 0.971351553125 0.452315215625 0.9450067953125 0.44814261718750004 0.919312934375 0.439854503125 0.8803451328125 0.43958865625000004 0.8494784578125 0.4355435765625 0.8359854656250001 0.41653207812500004 0.8254198703125001 0.3979842328125 0.844808415625 0.389242984375 0.8606895953125001 0.36475924531250004 0.8621235781250001 0.3557054359375 0.8160984625 0.352634378125 0.7476270421875 0.358663990625 0.6520286921875 0.36545944218750004 0.508839965625 0.379060578125 0.3947354296875 0.3795500546875 0.4010283375 0.4345448921875 0.4225089421875 0.4978512734375 0.4259170359375 0.523702690625 0.258759328125 0.5276014640625 0.25634188281250003 0.5618111375 0.3065261734375 0.576509315625 0.38862095 0.5886681296875 0.5242779359374999 0.6320908296875001 0.6078652140624999 0.6537669640625 0.7244945656249999 0.6941759828125 0.796734990625 0.7022428578125 0.8525842828125001 0.7001201453125 0.8938267578125 0.7049648687500001 0.9030178031249999 0.7511377968749999 0.8681985984375 0.8004648390625 0.8458826546875 0.8087424328124999 0.7241691828125 0.8004332859375 0.6508566 0.789665434375 0.6214833421875 0.79513781875 0.6881474578125 0.8478824234375001 0.784777209375 0.872468003125 0.830701221875 0.8856476984375 0.8662681140625 0.94527908125 0.8956893109375 0.9963435921875 0.8966096953125 1 0.926102875 1 1 0.533431915625 1 0.35054248125
2 0 0.545236575 0.2208229296875 0.5587166515625 0.19078532343750002 0.3978707875 0.3888097046875 0.39801709375 0.3925902046875 0.3741479578125 0.0146263671875 0.3733448328125 0 0.470913346875 0 0.545236575
2 0.0729596578125 0 0.01502045 0.3658137609375 1 0.3284711609375 1 0.0734869828125 0.794938834375 0.041008484375 0.5360214546875001 0 0.0729596578125 0