1 1 0.6170606546874999 0.9746466187499999 0.616734053125 0.8900609968750001 0.6107093578125 0.786155321875 0.60168805625 0.6868261578125 0.6000880109375 0.5832840734375 0.6118968671875 0.405847896875 0.6358305359374999 0.31722480468750003 0.6532132015625 0.2774379421875 0.6664095890625 0.24041090625 0.6678893578125 0.15149601562499998 0.6686079125 0.11560211406250001 0.65006485625 0.0876535328125 0.6622211453125 0.086972178125 0.708073353125 0.1011216296875 0.7545001484375 0.1708328140625 0.7574506375000001 0.24503232343749998 0.7628231609375 0.33404809375 0.76793706875 0.3818393765625 0.7887728359375 0.4219462 0.793906990625 0.487109959375 0.79110263125 0.516452534375 0.77392125 0.5069523140625 0.7390817453125 0.5137641546875 0.7047909734375 0.514750925 0.6764361 0.470199409375 0.6713795265625 0.4422944578125 0.686035434375 0.412661934375 0.686552671875 0.39448863125 0.6643664609375 0.4045838703125 0.648354503125 0.650017275 0.614065878125 0.7313922171875 0.605977790625 0.8189558187499999 0.6127839640625 1 0.6244718828125 1 0.6170606546874999
1 0.134714159375 0.47137075624999997 0.07236840156249999 0.4657913234375 0.0399460390625 0.47635878125 0.03878474375 0.494715178125 0.0537464421875 0.5027886234375 0.12966083125 0.5214665796875 0.1726138171875 0.519883371875 0.1866053125 0.49921937187500004 0.20034424374999998 0.4952289875 0.1823454625 0.483041253125 0.134714159375 0.47137075624999997
1 0.1184267890625 0.3024626171875 0.1110622890625 0.305091546875 0.0727576078125 0.3182620609375 0.1097701015625 0.3159490859375 0.11453475625000001 0.33420204375 0.08208330625 0.34310308906250003 0.05539875 0.342735409375 0.0392612140625 0.3521851546875 0.0382007984375 0.3763740109375 0.041309671874999995 0.38465435000000003 0.0665556765625 0.38754751875000004 0.1123566765625 0.37924691718750003 0.14656571093749998 0.38615093906250003 0.17301756875000002 0.37318731562499996 0.18296736875 0.34884329375 0.159188078125 0.3450910625 0.155668515625 0.3184817671875 0.155570175 0.3076485 0.15103821875 0.30272684375000003 0.1184267890625 0.3024626171875
1 0.35441849687500004 0.32168025624999996 0.20279425468749998 0.2959892171875 0.0154797234375 0.2634200125 0.002333784375 0.274484459375 0.21185909218750001 0.3058325125 0.49151734999999996 0.36429404062500004 0.9894230640625 0.44144947187500005 0.9989348781249999 0.4346157609375 0.5893652578124999 0.365919940625 0.35441849687500004 0.32168025624999996
3 0.50436343125 1 0.868585275 0.993642484375 0.8744966812499999 0.992705840625 0.8349557890625 0.935053809375 0.832979121875 0.9067506625 0.7780560375000001 0.9018751281249999 0.774467221875 0.866098978125 0.7271849671874999 0.8744254359375001 0.39035502499999997 0.9369801234375 0.242784996875 0.9737278390625 0.19855344218749998 0.9870018078125 0.167508496875 1 0.50436343125 1
3 1 0.7979858484375 0.945220253125 0.7989420328125 0.9056660875 0.825469721875 0.8625676671875 0.8187208640625 0.7764562328125 0.810222421875 0.6725651 0.8020343249999999 0.620765434375 0.8062723328124999 0.5422812125 0.8101426593750001 0.475446203125 0.8021412078125 0.4102378875 0.8024459609375001 0.33762236562500003 0.8028800109375 0.27562472968749996 0.817297546875 0.19579014374999998 0.8286925890625 0.1365668765625 0.832226715625 0.10567032812499999 0.8452679203125 0.08405584375 0.8806505343750001 0.0595224796875 0.9185844781249999 0.041989096875 0.9330593500000001 0.01239631875 1 0.04041490625 1 0.050532559374999994 0.9979201234374999 0.093311021875 0.9863384406250001 0.14811868125 0.9845483078124999 0.1952264125 0.9662233734375001 0.171185334375 0.9474734265625001 0.08084736249999999 0.9515506625000001 0.11573775156249999 0.9126024749999999 0.152066690625 0.8711287984375 0.1621764734375 0.8559500468750001 0.2286188046875 0.841454928125 0.29539563750000003 0.8461235546875001 0.4287311515625 0.8429627156249999 0.57246639375 0.8412872671875 0.7073713515625 0.8430997937500001 0.8423044703125001 0.8465787484374999 0.9237666750000001 0.8434899 0.9860542593750001 0.8457365078124999 1 0.8216124953125 1 0.7979858484375
3 0.740369790625 0.610821846875 0.6923056484375001 0.74418099375 0.6813390640625 0.7952134921875 0.7123139453125 0.8005070468750001 0.7363626812499999 0.7209085484375 0.74973911875 0.63816249375 0.7596162015625 0.609652440625 0.740369790625 0.610821846875
3 0.8063736125000001 0.48631762656250005 0.817411990625 0.439451175 0.8009971984375 0.4330700140625 0.7356623859375 0.59590173125 0.7699252671875 0.599470971875 0.77094638125 0.5794501015625 0.783481484375 0.533390984375 0.8063736125000001 0.48631762656250005
0 0.552620221875 0.6382693765624999 0.5231916562500001 0.7354644453125 0.6873709156250001 0.7509348124999999 0.727427465625 0.633551184375 0.7096032078125 0.6313619265625 0.552620221875 0.6382693765624999
0 0.5743634 0.5253727109375 0.7470519640625 0.5623645140625 0.7996177484375 0.438928315625 0.6258127453125 0.4161248234375 0.5743634 0.5253727109375
3 0.28670959375 0.178673490625 0.3003500171875 0.1959380625 0.33752248906250004 0.20279035781250002 0.3745204375 0.199644175 0.371826765625 0.1813550671875 0.3533119046875 0.1733436421875 0.31173744375 0.169068565625 0.28670959375 0.178673490625
3 0.0594058609375 0.23264870937499998 0.055252040625 0.2493904203125 0.0849145765625 0.250539578125 0.120904071875 0.2367843796875 0.11418350937499999 0.22919218125000002 0.0874562484375 0.226324865625 0.0594058609375 0.23264870937499998
3 0.9692164265625 0.730179434375 0.9864870984375 0.7007068656250001 0.9992258125 0.6663126390625 0.9694760140625001 0.660164240625 0.96109565625 0.6894816296874999 0.944114934375 0.73561834375 0.9457280078125001 0.7430913296874999 0.9310853453125001 0.7533484421875001 0.8898463140624999 0.768237096875 0.9108366921875 0.782039534375 0.9594702359375 0.766188346875 0.9636967750000001 0.75361266875 0.9692164265625 0.730179434375
2 1 0.8238929953125 0.981624109375 0.8466472968750001 0.91340965 0.84450414375 0.77853470625 0.8443580140625 0.6555125859375 0.8440049921874999 0.529513409375 0.8428704734375 0.379864909375 0.8454825984375001 0.24346507812499998 0.8428627046875 0.188831940625 0.8546513140625001 0.1593012234375 0.8610009953125 0.08227044375 0.9481919812499999 0.162309565625 0.9484618140625001 0.18921227499999999 0.9613275890624999 0.179146125 0.979005959375 0.13484184999999999 0.9881138984375 0.0947641140625 0.9846461546875 0.0513189984375 1 0.16383768125 1 0.285549840625 0.96131293125 0.4996049046875 0.91256973125 0.777430659375 0.8660472515625001 0.77792514375 0.8943762703125 0.77807058125 0.902708334375 0.8359134718749999 0.9050325234375001 0.8319632640625001 0.9334391249999999 0.8637469765624999 0.9712235093749999 0.87006653125 0.993616628125 1 0.9905671125 1 0.8238929953125
2 1 0.6269785234375 0.764032734375 0.607908428125 0.71240484375 0.8057145859375 0.7541300343749999 0.80477790625 0.83137931875 0.8150979578124999 0.9070610078125 0.8204446109375001 0.926046559375 0.804277471875 0.952614765625 0.7979795000000001 1 0.7971523875 1 0.6733092578125001 0.990903628125 0.6989628531250001 0.9809529015624999 0.7233068921875 0.9638712984375 0.7636111453125001 0.9432735984375 0.7723052828125 0.91230433125 0.7811804546875 0.8988820625 0.7764139796875 0.9060284078124999 0.7612869546875001 0.9296040890624999 0.7533742984375 0.944129478125 0.7364515515625001 0.9724685390625 0.6617789265625 1 0.6612983625 1 0.6269785234375
2 0.6740909140625 0.8045080734375001 0.690925275 0.750039309375 0.5425117125 0.7384610546875 0.5186597015625 0.7305427890625 0.554101478125 0.638243521875 0.711085390625 0.6313360546875 0.7362441328125 0.6292299859375 0.7402243546875 0.602489784375 0.6397038828125 0.6175797390625 0.5435699296875 0.6292592859374999 0.46367624531249996 0.63732151875 0.4223354078125 0.6463777281249999 0.40035733125000006 0.66093018125 0.40660416875000005 0.67915726875 0.434784521875 0.6803323 0.465740171875 0.670623903125 0.5131969515625 0.6722959234375 0.5194864921875 0.6930226453125 0.5129364390625 0.7423111328124999 0.516437990625 0.7730880421874999 0.48564324687499993 0.79196169375 0.44128080000000003 0.7977368046875 0.40421013281249996 0.7967169546874999 0.37284725937499996 0.7830955703125 0.3415580296875 0.773640203125 0.343563784375 0.8036097625 0.46508917812500006 0.80315545 0.52891711875 0.8087090124999999 0.6740909140625 0.8045080734375001
2 0.01323906875 1 0.039083834375 0.9364439015625001 0.07532551093749999 0.8899709859374999 0.118845353125 0.8358698875 0.1661566953125 0.8292098421875 0.2652677046875 0.818311790625 0.3386236796875 0.77535834375 0.3102978890625 0.7658512484375 0.23620018437499998 0.7663111687499999 0.1145148109375 0.7576002109375 0.09356806250000001 0.7462973953125001 0.0659527125 0.6926045046875 0.08148034062500001 0.6481600734375 0.12299570156249999 0.649102340625 0.1780060484375 0.658977115625 0.2506661265625 0.6610426703125001 0.371784296875 0.637258578125 0.4575748453125 0.6274264953124999 0.5979548984374999 0.6033061859375 0.6809429140625001 0.602691084375 0.7326844046875001 0.5951202515625 0.735051553125 0.5609070609375 0.5700632171875 0.5337823734375 0.5770359640625 0.50865685625 0.6071180671875 0.448956090625 0.621003534375 0.3953722625 0.508077578125 0.379007265625 0.3681752671875 0.345610478125 0.27445301875 0.3255764390625 0.2074871171875 0.310076128125 0.16148250625 0.3067118390625 0.16164248750000001 0.315877109375 0.17396163281250002 0.3423328078125 0.19194494374999999 0.35368735 0.17890081093750002 0.37058424218749997 0.1628932421875 0.38753286249999996 0.13176399375 0.38724276406249997 0.0931384265625 0.38208275468749997 0.066541134375 0.3867143140625 0.0398720484375 0.3871798234375 0.027698337499999996 0.369056190625 0.033261620312500004 0.3481225765625 0.05538420625 0.34190220312499997 0.0775804375 0.3398478453125 0.10564444375 0.334357225 0.0979163515625 0.31615599375 0.07413705937500001 0.3124037609375 0.10064709062499999 0.3027729640625 0.0707954859375 0.2907921203125 0 0.27764349374999997 0 0.451309075 0.0095774359375 1 0.01323906875 1
2 0.6243014765625 0.41448428281250005 0.820419059375 0.4418990671875 0.768288359375 0.5969991625 0.9998653359375 0.6152520328125 0.9982770015625 0.44212838593750003 0.6238797109374999 0.390321296875 0.6243014765625 0.41448428281250005
2 0.52547961875 0 0.2718107625 0.00442780625 0 0.00917228125 0 0.21035408125 0.0161029015625 0.214234978125 0.03009456875 0.217906753125 0 0.2120682640625 0 0.247896325 0.0008429078125 0.25554926093749997 0.9989348781249999 0.4346157609375 0.99134863125 0 0.52547961875 0